1,861,2,921,587
2,24,10,1018,434
3,238,9,871,578
4,446,2,285,98
5,630,15,630,488
6,968,19,419,10
7,366,16,764,159
8,978,3,575,307
9,548,12,283,32
10,480,12,280,268
11,379,4,286,236
12,594,3,134,55
13,367,9,392,320
14,153,8,377,295
15,71,9,105,75
16,809,3,455,16
17,228,3,306,223
18,207,3,429,241
19,710,7,997,91
20,339,3,1034,607
21,35,14,928,391
22,20,16,673,520
23,546,10,768,595
24,632,15,540,366
25,57,19,256,76
26,499,5,419,60
27,204,11,553,91
28,188,9,325,272
29,487,19,529,231
30,221,19,108,32
31,392,11,582,469
32,178,17,59,5
33,352,5,946,491
34,342,8,176,150
35,0,6,86,10
36,851,18,100,20
37,750,7,776,702
38,96,3,919,727
39,71,8,783,510
40,50,7,95,70
41,964,0,131,125
42,102,9,703,541
43,855,6,679,356
44,474,6,58,34
45,620,2,745,11
46,737,18,479,250
47,891,18,638,318
48,933,2,963,584
49,722,0,1032,51
50,597,0,309,22
51,788,6,305,296
52,158,5,274,118
53,158,8,655,469
54,68,13,263,108
55,606,11,808,244
56,264,17,781,540
57,557,6,981,183
58,872,12,412,279
59,788,11,168,131
60,548,19,666,246
61,263,6,375,198
62,820,0,427,123
63,495,2,713,46
64,557,6,920,877
65,625,13,1005,101
66,659,6,353,313
67,770,15,208,11
68,454,11,902,422
69,156,19,141,11
70,639,15,887,148
71,15,16,100,76
72,609,7,1009,254
73,667,13,541,519
74,290,7,249,163
75,930,9,716,453
76,393,14,528,506
77,288,3,708,599
78,615,5,175,152
79,20,19,454,26
80,464,9,410,116
81,398,18,377,263
82,657,12,439,424
83,497,17,520,45
84,265,12,789,578
85,456,3,313,300
86,657,0,927,816
87,666,6,66,9
88,918,12,360,89
89,383,13,724,463
90,99,12,743,585
91,266,12,930,672
92,890,5,658,646
93,342,5,896,570
94,289,6,852,457
95,571,13,541,115
96,479,16,880,507
97,769,13,523,353
98,214,1,845,358
99,833,9,1020,838
100,39,8,610,494
101,209,8,1004,76
102,580,8,552,399
103,166,17,315,304
104,398,0,581,197
105,784,10,634,571
106,533,13,837,436
107,275,16,427,396
108,678,11,449,373
109,882,1,258,170
110,316,9,201,121
111,148,4,368,122
112,105,1,67,58
113,521,17,740,45
114,715,6,412,211
115,380,6,146,32
116,289,4,451,271
117,375,2,382,40
118,789,2,826,735
119,787,5,727,416
120,762,19,470,188
121,239,4,310,130
122,613,0,876,647
123,878,9,542,455
124,878,0,740,313
125,100,6,611,85
126,885,4,911,25
127,463,9,1037,192
128,527,6,522,416
129,719,2,860,78
130,368,17,155,122
131,455,19,291,271
132,591,10,280,177
133,524,5,262,4
134,239,1,501,462
135,323,10,269,204
136,634,9,284,87
137,260,8,273,146
138,150,19,500,440
139,107,8,492,1
140,778,16,620,29
141,75,19,563,65
142,831,13,262,7
143,667,19,925,798
144,592,17,943,640
145,899,8,778,176
146,700,3,963,115
147,701,2,702,466
148,961,12,1027,19
149,726,1,925,453
150,56,2,408,63
151,796,12,950,938
152,389,19,862,399
153,919,0,979,503
154,510,5,916,585
155,577,11,908,42
156,489,3,192,122
157,528,10,553,214
158,48,14,278,272
159,697,13,743,536
160,453,4,575,350
161,468,7,895,567
162,152,9,219,52
163,420,10,892,365
164,678,0,569,377
165,181,3,251,175
166,249,10,780,392
167,382,11,162,17
168,852,11,205,55
169,935,14,651,16
170,198,14,973,533
171,281,0,880,717
172,52,13,738,404
173,906,6,622,105
174,352,18,142,17
175,528,9,332,243
176,22,18,133,2
177,19,15,578,460
178,635,5,85,0
179,821,16,364,237
180,839,16,589,466
181,643,13,63,31
182,193,10,760,203
183,650,16,752,436
184,551,7,665,29
185,564,13,561,181
186,989,2,254,157
187,995,6,254,44
188,914,6,303,201
189,202,15,441,370
190,488,9,230,82
191,697,2,603,213
192,27,16,615,303
193,847,0,964,651
194,62,13,998,816
195,831,6,199,82
196,651,3,789,154
197,157,1,1033,429
198,809,8,957,563
199,360,5,897,303
200,997,17,809,404
201,160,9,927,306
202,852,6,624,482
203,782,0,966,286
204,564,11,506,230
205,920,18,443,366
206,584,19,704,327
207,972,16,693,518
208,755,12,1045,483
209,201,7,653,466
210,729,0,729,610
211,811,13,549,328
212,163,5,570,251
213,318,14,611,477
214,225,10,722,525
215,768,4,292,142
216,63,11,382,238
217,936,2,123,29
218,498,16,739,733
219,931,16,409,63
220,242,6,777,75
221,659,13,1028,462
222,152,0,361,277
223,160,8,546,127
224,174,7,176,134
225,681,3,388,91
226,611,18,700,92
227,249,6,510,43
228,438,6,315,304
229,236,4,987,926
230,832,3,881,157
231,9,0,258,22
232,381,0,344,295
233,415,16,54,17
234,369,6,991,290
235,633,6,583,443
236,284,1,397,67
237,20,5,275,25
238,719,1,60,54
239,846,12,537,416
240,558,2,992,167
241,790,15,818,700
242,277,7,215,148
243,832,8,737,66
244,702,19,761,507
245,912,15,609,324
246,311,3,888,220
247,931,1,51,7
248,598,12,1006,343
249,547,8,487,85
250,230,3,323,155
251,802,4,695,568
252,713,11,677,149
253,659,11,921,153
254,597,16,1039,275
255,725,2,475,91
256,425,11,53,11
257,273,17,111,69
258,63,4,372,82
259,193,14,86,15
260,392,10,996,59
261,33,3,975,484
262,382,14,383,25
263,544,3,494,358
264,658,15,249,214
265,389,8,1007,914
266,820,18,351,37
267,867,7,490,53
268,521,4,1002,819
269,903,18,894,126
270,396,7,571,146
271,222,16,456,342
272,399,8,1006,486
273,602,0,426,361
274,752,15,993,830
275,44,2,111,7
276,191,1,891,497
277,576,12,258,18
278,188,0,415,219
279,726,6,116,82
280,827,14,776,288
281,812,10,469,251
282,673,1,172,154
283,775,8,560,477
284,565,8,300,255
285,153,2,521,403
286,202,13,55,22
287,593,12,1039,464
288,513,8,164,42
289,672,12,172,139
290,633,14,774,641
291,984,7,930,699
292,137,2,503,259
293,669,11,341,291
294,578,9,688,480
295,205,14,901,266
296,143,11,860,91
297,889,8,778,576
298,590,4,82,20
299,604,1,960,794
300,485,3,202,31
301,616,7,835,349
302,87,5,252,139
303,774,17,281,104
304,999,15,894,259
305,764,10,244,57
306,354,11,340,271
307,982,1,143,65
308,535,3,864,274
309,775,6,150,56
310,15,18,441,386
311,446,8,712,125
312,622,8,181,101
313,836,8,518,221
314,994,9,81,36
315,386,16,51,36
316,73,18,581,557
317,421,1,603,9
318,653,9,794,40
319,900,3,678,65
320,769,17,909,692
321,581,4,51,33
322,690,8,323,239
323,245,17,823,687
324,304,11,853,297
325,383,15,382,78
326,332,13,875,12
327,689,18,758,749
328,890,12,226,100
329,220,17,553,260
330,870,5,360,356
331,962,8,768,517
332,368,11,756,593
333,288,16,570,119
334,353,9,240,226
335,387,10,725,391
336,622,15,649,198
337,572,8,393,275
338,746,8,483,283
339,526,9,418,265
340,301,14,926,216
341,956,17,852,9
342,521,16,374,268
343,774,14,838,828
344,848,6,772,125
345,26,7,186,121
346,945,9,224,118
347,508,9,808,613
348,851,8,1040,501
349,520,12,552,176
350,686,7,879,723
351,628,2,391,295
352,310,7,577,387
353,145,8,198,71
354,137,15,963,557
355,281,11,455,440
356,141,16,405,262
357,855,16,689,55
358,253,14,233,41
359,708,7,801,790
360,491,12,107,72
361,446,7,937,709
362,156,3,216,145
363,384,19,315,68
364,601,12,177,75
365,742,18,204,163
366,578,16,143,11
367,839,4,203,69
368,867,14,502,139
369,220,18,280,169
370,664,17,643,586
371,277,17,975,799
372,810,6,376,274
373,816,16,733,707
374,201,11,117,74
375,147,17,447,28
376,153,9,222,178
377,63,3,471,299
378,655,9,161,7
379,373,14,240,221
380,187,18,1006,453
381,770,1,943,926
382,398,9,991,30
383,988,14,786,314
384,194,13,1047,776
385,859,17,258,223
386,23,6,813,207
387,747,13,58,23
388,249,18,216,199
389,287,13,679,551
390,732,11,665,467
391,13,8,567,485
392,331,18,1030,321
393,118,12,900,111
394,98,14,411,59
395,356,11,912,566
396,889,12,80,52
397,171,8,889,564
398,873,0,800,142
399,114,6,828,203
400,518,19,1037,965
401,409,9,778,35
402,949,15,751,487
403,114,18,783,57
404,389,2,964,27
405,731,3,360,295
406,408,10,718,223
407,680,8,730,25
408,872,17,674,645
409,922,19,296,81
410,772,10,357,190
411,484,12,163,120
412,354,10,911,305
413,666,17,369,327
414,276,3,569,186
415,730,7,200,177
416,557,8,904,788
417,244,6,313,39
418,571,14,577,117
419,620,8,935,188
420,724,8,261,249
421,900,11,471,235
422,146,12,452,48
423,420,1,976,344
424,617,7,811,355
425,540,15,706,410
426,229,1,672,100
427,974,7,72,31
428,759,2,946,161
429,158,7,224,183
430,167,13,691,593
431,723,4,935,514
432,392,16,543,38
433,733,8,159,67
434,152,17,604,480
435,926,11,730,267
436,759,10,658,455
437,611,11,917,540
438,901,14,778,349
439,178,8,944,609
440,766,13,209,69
441,788,12,843,709
442,367,15,827,497
443,401,18,976,538
444,639,17,754,256
445,904,6,837,499
446,401,2,574,109
447,822,15,984,161
448,814,19,195,68
449,164,8,811,485
450,789,15,360,121
451,867,16,103,81
452,61,15,1028,365
453,80,1,122,30
454,999,2,305,170
455,426,11,99,22
456,638,2,851,821
457,89,14,386,296
458,936,16,863,388
459,375,15,331,316
460,764,12,470,183
461,888,19,1025,695
462,51,10,641,317
463,379,16,668,231
464,776,17,828,330
465,584,16,1029,690
466,274,4,821,92
467,929,5,503,342
468,935,3,347,66
469,987,0,198,159
470,640,14,561,65
471,820,0,808,189
472,570,10,250,173
473,540,13,384,338
474,912,9,196,138
475,301,5,600,443
476,899,13,159,11
477,997,12,188,58
478,588,9,837,321
479,361,13,795,415
480,806,11,489,383
481,849,10,447,441
482,206,16,610,26
483,769,16,113,26
484,597,14,334,168
485,283,0,320,117
486,66,17,481,312
487,527,14,209,150
488,201,16,894,65
489,292,9,733,388
490,128,9,394,229
491,942,16,887,789
492,215,10,733,225
493,280,6,669,77
494,277,0,337,84
495,961,7,157,0
496,983,19,867,857
497,233,17,159,18
498,906,19,703,33
499,282,11,118,42
500,374,9,303,10
501,673,5,480,240
502,931,15,50,26
503,115,1,867,678
504,140,11,270,53
505,554,18,864,429
506,0,7,216,13
507,0,5,58,3
508,758,6,135,93
509,649,14,85,36
510,886,17,231,23
511,354,15,713,1
512,884,7,522,46
513,462,9,101,54
514,774,17,1046,649
515,237,16,694,443
516,3,14,1027,353
517,708,7,95,63
518,243,16,427,299
519,594,17,305,208
520,131,4,491,50
521,38,17,882,94
522,504,9,918,476
523,740,18,487,90
524,736,1,494,8
525,903,11,916,874
526,902,6,868,452
527,189,19,207,183
528,85,14,269,252
529,744,10,170,60
530,841,19,541,293
531,465,14,856,616
532,59,7,828,142
533,333,6,469,394
534,619,4,1006,638
535,882,10,888,305
536,893,8,548,398
537,488,12,187,101
538,319,14,413,187
539,569,16,1006,253
540,935,3,426,388
541,19,17,897,849
542,422,18,963,427
543,578,5,936,585
544,169,19,124,33
545,224,8,70,43
546,604,15,492,35
547,79,5,277,231
548,79,10,802,262
549,916,15,578,250
550,691,15,656,608
551,83,9,643,355
552,115,12,354,323
553,951,5,138,13
554,981,18,101,28
555,720,16,945,883
556,56,8,362,292
557,940,4,197,156
558,134,5,706,86
559,945,12,132,88
560,817,0,329,26
561,998,19,313,194
562,751,3,68,59
563,191,5,901,119
564,111,9,781,74
565,560,8,117,95
566,186,18,724,588
567,318,4,96,69
568,709,2,229,95
569,835,11,743,385
570,556,5,502,220
571,713,5,725,375
572,614,9,327,254
573,747,8,631,328
574,493,3,98,26
575,305,0,963,544
576,636,17,466,321
577,634,0,242,49
578,169,6,861,64
579,489,15,287,118
580,658,11,148,71
581,258,15,759,368
582,273,15,688,336
583,523,5,728,193
584,794,12,412,51
585,710,18,260,255
586,554,4,967,252
587,507,19,493,382
588,503,0,144,127
589,568,13,552,539
590,476,8,890,123
591,586,13,332,176
592,371,16,143,29
593,363,9,802,543
594,794,12,879,722
595,836,17,460,64
596,465,8,864,243
597,489,19,319,44
598,648,8,92,58
599,866,6,642,231
600,371,9,80,14
601,69,6,351,347
602,543,1,489,287
603,439,6,239,84
604,68,11,686,339
605,626,11,760,706
606,818,8,147,6
607,973,4,464,163
608,966,2,162,115
609,129,12,440,121
610,148,13,689,421
611,136,13,667,435
612,988,16,512,20
613,86,12,190,88
614,814,12,569,528
615,18,13,784,25
616,368,9,976,537
617,723,7,753,730
618,780,2,771,452
619,604,6,252,96
620,852,8,257,127
621,274,3,454,409
622,816,3,604,514
623,922,7,878,470
624,892,4,608,107
625,958,4,701,284
626,5,9,475,101
627,647,17,757,287
628,186,3,797,20
629,121,6,388,146
630,996,3,999,684
631,987,1,895,454
632,360,4,254,60
633,438,9,425,131
634,401,14,382,354
635,619,19,1011,639
636,672,1,368,206
637,215,0,915,185
638,926,18,350,44
639,161,7,983,824
640,390,0,444,282
641,472,13,248,154
642,165,0,711,62
643,366,19,114,55
644,988,6,711,187
645,481,5,104,84
646,538,13,822,662
647,327,6,98,84
648,627,18,687,436
649,95,9,336,212
650,230,4,594,91
651,124,13,517,139
652,416,9,836,403
653,123,17,94,84
654,387,8,121,110
655,233,1,1043,617
656,620,16,532,165
657,735,7,99,27
658,542,7,683,35
659,176,14,209,76
660,497,3,317,121
661,639,17,635,224
662,695,10,797,236
663,84,16,431,23
664,755,11,286,59
665,453,14,677,75
666,386,6,654,279
667,70,5,66,10
668,531,8,253,236
669,867,4,361,154
670,56,16,861,843
671,491,4,649,290
672,429,19,753,643
673,357,18,651,245
674,750,8,103,54
675,403,10,1011,581
676,986,8,632,529
677,163,15,756,218
678,508,6,957,98
679,482,16,198,103
680,862,0,681,583
681,593,19,937,254
682,677,8,507,156
683,754,9,345,329
684,298,15,442,206
685,130,12,969,665
686,501,16,321,201
687,942,0,994,649
688,682,5,746,703
689,391,14,803,259
690,429,9,700,261
691,488,19,415,388
692,983,12,287,60
693,140,13,716,468
694,472,10,597,338
695,810,12,448,418
696,676,7,913,619
697,99,6,884,62
698,329,0,888,18
699,520,3,683,273
700,493,16,756,383
701,694,13,281,20
702,953,19,965,297
703,123,9,277,254
704,498,18,904,209
705,384,3,209,76
706,12,13,354,263
707,374,13,719,56
708,623,7,292,97
709,275,13,251,189
710,532,0,886,210
711,812,6,733,213
712,647,14,645,553
713,26,6,870,326
714,252,7,574,71
715,375,6,79,12
716,131,12,466,112
717,584,4,407,250
718,989,13,339,204
719,882,19,211,129
720,702,15,403,27
721,38,14,814,60
722,107,7,569,466
723,942,9,984,831
724,731,9,756,214
725,488,14,696,482
726,576,2,439,69
727,456,4,469,24
728,428,4,774,495
729,911,19,878,378
730,542,6,949,178
731,224,18,870,429
732,772,0,125,105
733,887,19,308,60
734,657,11,440,41
735,610,2,140,129
736,294,14,498,417
737,434,6,641,109
738,553,5,320,217
739,280,9,341,114
740,291,10,946,811
741,890,8,828,680
742,955,11,514,215
743,853,8,815,19
744,638,13,523,291
745,210,5,764,650
746,280,15,1021,915
747,843,7,288,92
748,626,7,541,202
749,364,15,207,33
750,516,3,679,271
751,964,7,480,309
752,777,17,846,343
753,227,2,555,20
754,575,7,167,117
755,699,19,468,383
756,238,18,68,59
757,449,15,447,260
758,158,7,996,442
759,203,17,859,747
760,51,5,821,232
761,538,17,777,604
762,554,4,629,516
763,695,13,652,250
764,323,17,905,674
765,94,13,513,275
766,702,10,310,50
767,567,0,958,450
768,696,2,622,345
769,634,4,468,182
770,957,19,872,134
771,368,18,774,436
772,277,2,498,150
773,143,3,96,60
774,449,14,1016,480
775,484,15,787,627
776,828,12,924,572
777,583,13,861,247
778,732,4,877,253
779,788,5,347,344
780,663,2,298,213
781,559,4,465,355
782,553,17,622,479
783,205,3,822,676
784,490,7,611,401
785,566,7,571,441
786,834,14,329,115
787,559,10,650,469
788,87,4,510,484
789,554,0,472,39
790,123,4,628,2
791,214,18,421,132
792,704,3,376,310
793,171,19,168,136
794,661,15,814,359
795,260,9,301,145
796,160,6,992,698
797,276,0,881,382
798,971,7,550,441
799,403,6,722,661
800,209,15,909,126
801,681,7,481,383
802,583,9,714,112
803,751,15,529,62
804,965,10,206,193
805,90,19,263,59
806,564,9,433,387
807,81,19,921,548
808,928,0,288,11
809,292,13,481,131
810,413,1,448,217
811,109,3,673,413
812,196,17,74,56
813,544,13,214,8
814,340,0,983,631
815,396,3,975,20
816,890,2,483,373
817,745,1,941,153
818,788,19,244,68
819,761,1,666,337
820,559,15,482,479
821,817,10,140,4
822,678,18,142,4
823,478,4,912,98
824,276,13,588,12
825,755,1,441,295
826,366,6,491,448
827,199,18,568,509
828,211,19,689,389
829,897,7,947,758
830,421,16,201,122
831,230,9,336,87
832,456,0,350,240
833,158,19,736,501
834,360,11,143,93
835,20,0,318,5
836,628,7,139,29
837,140,3,367,155
838,823,17,428,234
839,301,15,946,592
840,571,16,126,105
841,39,18,311,103
842,766,18,662,289
843,875,5,250,134
844,982,1,724,122
845,840,18,654,547
846,974,7,763,230
847,313,13,83,54
848,153,13,958,235
849,145,19,274,98
850,979,15,875,507
851,473,5,701,610
852,717,14,905,637
853,118,1,322,263
854,720,4,555,95
855,606,10,1047,889
856,470,11,444,336
857,417,8,972,235
858,933,2,850,847
859,545,18,622,10
860,573,14,525,487
861,724,2,680,172
862,647,13,70,58
863,239,13,201,125
864,678,2,594,454
865,506,15,730,540
866,687,2,695,486
867,680,2,695,6
868,274,8,835,810
869,317,12,571,57
870,912,14,458,341
871,640,15,222,34
872,804,13,598,139
873,576,8,1048,595
874,708,9,886,158
875,657,8,268,23
876,847,5,569,16
877,246,16,680,286
878,607,11,370,185
879,853,2,465,37
880,558,13,595,584
881,224,17,641,302
882,850,8,1003,180
883,648,5,867,281
884,258,1,514,416
885,706,0,218,157
886,440,19,794,301
887,379,1,663,106
888,598,6,221,174
889,29,8,298,88
890,475,14,995,672
891,218,4,870,826
892,893,8,547,260
893,909,11,63,20
894,15,3,846,783
895,318,17,684,80
896,930,16,169,32
897,748,16,687,103
898,228,6,665,454
899,354,1,817,247
900,438,10,814,194
901,932,13,273,208
902,831,3,1010,986
903,865,8,436,117
904,884,6,457,324
905,208,17,163,31
906,434,19,281,256
907,541,0,1010,85
908,63,18,913,312
909,50,6,820,364
910,182,15,859,495
911,592,12,314,117
912,801,2,131,59
913,774,12,403,188
914,119,18,647,630
915,102,14,675,374
916,709,9,382,81
917,332,11,350,275
918,358,10,459,336
919,784,5,963,378
920,189,14,850,713
921,289,12,867,15
922,152,19,55,25
923,641,6,656,242
924,220,15,139,28
925,661,19,680,425
926,165,1,800,783
927,76,1,170,47
928,468,7,369,37
929,701,17,438,214
930,649,10,757,304
931,867,8,503,438
932,680,4,875,795
933,202,7,513,216
934,741,16,533,501
935,576,6,428,294
936,826,4,863,335
937,223,12,601,140
938,605,2,206,129
939,455,12,369,252
940,253,12,746,155
941,406,13,171,13
942,395,19,158,44
943,161,3,221,199
944,83,3,885,512
945,946,0,143,74
946,690,16,460,267
947,130,7,85,55
948,815,6,269,80
949,517,11,675,416
950,284,10,175,23
951,730,12,792,33
952,315,18,72,1
953,978,5,749,196
954,315,4,237,56
955,359,8,85,7
956,850,7,726,621
957,860,12,245,0
958,154,4,901,232
959,456,10,178,93
960,6,10,485,328
961,108,11,655,78
962,275,10,196,186
963,154,11,750,493
964,785,19,267,258
965,326,1,444,350
966,754,18,378,206
967,582,4,423,124
968,495,6,735,536
969,451,7,601,222
970,152,10,277,102
971,80,13,852,39
972,834,9,455,244
973,647,1,221,110
974,727,8,364,268
975,161,14,59,21
976,900,4,761,578
977,924,11,958,823
978,92,11,853,836
979,532,1,330,96
980,791,3,734,556
981,164,0,995,756
982,991,14,110,3
983,268,1,177,59
984,255,14,393,318
985,938,14,691,423
986,356,6,238,55
987,115,11,253,102
988,470,3,884,375
989,25,14,531,216
990,949,12,812,43
991,763,7,1005,965
992,501,17,147,54
993,850,5,139,29
994,76,19,782,277
995,992,3,568,506
996,497,6,685,29
997,752,0,561,80
998,373,5,210,205
999,163,18,965,149
1000,99,9,569,172
1001,55,14,692,251
1002,760,6,536,348
1003,631,14,449,172
1004,565,4,277,71
1005,968,12,841,22
1006,290,18,852,187
1007,943,6,915,471
1008,947,6,121,13
1009,189,4,631,37
1010,676,14,335,283
1011,525,7,497,264
1012,118,12,489,87
1013,290,9,718,300
1014,481,3,623,129
1015,603,1,603,311
1016,178,15,245,216
1017,793,15,931,614
1018,444,1,946,450
1019,61,10,183,154
1020,304,12,692,598
1021,396,8,317,182
1022,575,12,414,65
1023,684,17,899,880
1024,308,14,387,248
1025,262,0,642,415
1026,620,17,650,192
1027,612,12,669,612
1028,127,2,1034,670
1029,794,3,345,215
1030,454,16,172,86
1031,150,1,853,379
1032,740,5,86,54
1033,25,2,809,392
1034,24,14,740,301
1035,421,19,112,24
1036,935,19,367,334
1037,30,5,167,124
1038,83,4,391,264
1039,116,10,325,79
1040,504,0,1018,397
1041,597,13,571,441
1042,59,2,581,72
1043,172,14,115,54
1044,979,10,159,97
1045,343,10,147,18
1046,474,0,675,399
1047,834,3,849,513
1048,691,9,691,563
1049,566,1,141,9
1050,131,3,607,517
1051,838,18,116,62
1052,313,1,494,137
1053,142,19,552,461
1054,607,12,98,84
1055,148,8,403,75
1056,312,6,398,342
1057,569,3,211,122
1058,810,3,1032,720
1059,22,13,996,453
1060,587,2,889,186
1061,705,19,435,61
1062,590,12,185,4
1063,191,9,967,603
1064,509,16,693,396
1065,969,14,992,860
1066,285,19,131,47
1067,233,6,154,140
1068,767,14,138,93
1069,292,10,480,464
1070,27,15,789,717
1071,679,3,507,334
1072,44,19,134,115
1073,587,14,1041,143
1074,968,18,588,404
1075,946,1,736,350
1076,167,1,743,484
1077,113,8,419,3
1078,441,2,937,344
1079,798,4,672,295
1080,338,15,836,744
1081,2,4,306,31
1082,440,11,128,81
1083,838,18,923,870
1084,576,18,363,146
1085,439,2,655,252
1086,374,9,232,208
1087,811,19,181,33
1088,139,3,939,566
1089,90,3,311,59
1090,735,5,609,174
1091,328,18,254,137
1092,294,11,498,365
1093,951,3,568,208
1094,252,8,761,563
1095,71,13,260,141
1096,28,1,895,396
1097,24,11,859,607
1098,786,13,245,140
1099,940,0,718,551
1100,605,18,89,7
1101,23,7,140,137
1102,809,14,61,11
1103,232,16,290,22
1104,967,15,1013,397
1105,615,4,746,612
1106,444,19,335,130
1107,751,16,815,387
1108,521,12,266,37
1109,467,19,1029,205
1110,271,0,201,115
1111,570,3,939,751
1112,744,13,583,158
1113,236,3,714,611
1114,363,7,531,113
1115,580,11,564,306
1116,254,16,747,243
1117,790,5,383,289
1118,691,18,218,29
1119,264,10,250,233
1120,589,17,747,54
1121,970,19,165,64
1122,866,12,917,914
1123,103,0,842,371
1124,312,4,839,600
1125,876,12,160,55
1126,697,4,58,53
1127,382,18,284,27
1128,193,9,644,463
1129,878,0,943,339
1130,452,3,209,29
1131,173,11,365,143
1132,971,14,849,512
1133,338,1,466,340
1134,85,2,783,357
1135,704,17,652,260
1136,447,19,230,83
1137,66,19,62,2
1138,871,8,883,142
1139,298,1,944,221
1140,778,15,888,545
1141,307,10,769,668
1142,947,15,732,467
1143,603,2,255,161
1144,405,9,989,767
1145,413,18,76,73
1146,357,11,368,257
1147,976,8,152,126
1148,323,11,581,465
1149,235,10,779,754
1150,415,16,245,148
1151,411,2,617,391
1152,189,7,885,12
1153,88,16,285,219
1154,147,3,459,397
1155,310,14,145,96
1156,144,10,781,292
1157,375,17,834,579
1158,53,13,591,164
1159,843,19,422,334
1160,77,19,507,474
1161,441,2,174,157
1162,157,18,912,798
1163,645,19,1006,451
1164,94,7,541,113
1165,42,11,322,172
1166,328,18,500,141
1167,319,8,297,279
1168,935,19,97,73
1169,980,14,915,759
1170,288,18,795,129
1171,667,13,140,89
1172,9,3,1015,560
1173,249,1,608,45
1174,454,18,82,33
1175,876,5,855,451
1176,240,12,429,408
1177,412,3,168,127
1178,486,16,776,284
1179,411,10,239,217
1180,773,10,401,235
1181,191,2,1040,781
1182,585,11,1004,216
1183,789,14,107,80
1184,284,14,266,47
1185,493,13,352,294
1186,843,11,467,399
1187,666,13,354,95
1188,582,0,446,79
1189,161,19,414,106
1190,871,3,981,514
1191,974,0,474,245
1192,719,9,316,307
1193,116,12,160,76
1194,749,17,353,280
1195,523,15,434,291
1196,472,16,235,195
1197,481,18,53,33
1198,506,2,188,139
1199,212,10,296,189
1200,997,0,720,467
1201,612,5,76,67
1202,775,4,532,296
1203,387,7,371,212
1204,175,4,954,816
1205,238,13,626,408
1206,919,14,738,131
1207,442,5,824,660
1208,34,8,896,141
1209,465,7,767,553
1210,621,9,234,14
1211,949,13,456,299
1212,351,18,992,16
1213,250,19,113,74
1214,922,13,788,680
1215,181,3,352,49
1216,233,1,594,459
1217,312,10,206,78
1218,34,8,550,429
1219,973,5,110,38
1220,203,7,554,41
1221,841,9,693,292
1222,863,17,431,124
1223,64,14,593,582
1224,624,15,576,251
1225,165,3,68,24
1226,251,16,404,216
1227,640,16,312,256
1228,305,2,659,247
1229,335,18,659,508
1230,98,12,197,135
1231,512,9,210,187
1232,409,5,160,145
1233,514,13,382,5
1234,949,7,169,139
1235,641,4,140,38
1236,563,13,775,448
1237,569,2,894,135
1238,55,14,644,497
1239,816,13,101,21
1240,282,5,813,636
1241,422,16,120,14
1242,530,3,919,87
1243,709,3,340,164
1244,511,18,906,166
1245,666,13,563,136
1246,617,5,207,98
1247,996,5,318,263
1248,205,1,235,9
1249,74,17,614,174
1250,815,1,860,168
1251,727,9,1028,429
1252,159,14,296,213
1253,479,0,830,160
1254,806,11,659,485
1255,489,17,459,226
1256,551,14,335,98
1257,332,6,267,226
1258,416,16,866,342
1259,572,9,945,92
1260,696,17,1014,755
1261,107,13,139,23
1262,424,5,834,266
1263,898,9,430,386
1264,356,11,387,216
1265,152,17,924,844
1266,865,2,143,98
1267,758,19,423,126
1268,694,18,558,204
1269,211,15,61,19
1270,709,3,145,108
1271,580,14,884,443
1272,336,10,93,70
1273,528,18,292,37
1274,430,5,870,756
1275,244,19,914,42
1276,805,2,110,65
1277,570,7,521,277
1278,535,13,293,49
1279,881,7,192,60
1280,727,5,816,388
1281,82,7,672,173
1282,35,2,444,399
1283,495,1,637,140
1284,729,14,577,334
1285,28,11,122,48
1286,979,10,129,89
1287,32,4,271,97
1288,69,9,368,330
1289,922,2,500,212
1290,459,9,227,161
1291,309,2,325,154
1292,446,19,915,49
1293,334,10,909,407
1294,901,15,945,450
1295,979,9,356,23
1296,278,18,737,639
1297,571,14,380,67
1298,52,14,729,473
1299,66,5,197,121
1300,999,4,968,303
1301,123,16,286,43
1302,306,12,857,67
1303,62,3,685,216
1304,901,7,839,305
1305,641,12,339,321
1306,424,16,288,24
1307,449,3,330,12
1308,82,4,748,98
1309,336,18,608,129
1310,651,17,501,114
1311,397,9,308,193
1312,72,18,735,724
1313,33,14,925,878
1314,141,0,1006,447
1315,182,18,608,43
1316,354,10,940,219
1317,184,15,344,242
1318,15,10,994,700
1319,261,11,221,213
1320,641,17,811,362
1321,302,6,768,465
1322,909,18,70,42
1323,174,4,954,858
1324,898,19,211,55
1325,959,15,850,340
1326,129,2,90,25
1327,962,10,686,124
1328,958,1,1025,891
1329,21,12,494,108
1330,469,2,676,483
1331,212,9,1021,169
1332,135,15,196,113
1333,874,14,713,522
1334,749,10,963,43
1335,7,17,505,197
1336,177,17,164,46
1337,305,14,596,116
1338,705,11,701,172
1339,236,3,693,99
1340,277,1,605,359
1341,556,13,418,392
1342,254,2,232,135
1343,688,16,90,49
1344,511,7,224,131
1345,335,6,653,168
1346,733,3,611,606
1347,755,4,286,146
1348,297,15,106,52
1349,522,11,929,238
1350,746,6,261,9
1351,441,11,134,78
1352,180,9,753,154
1353,689,7,670,569
1354,157,0,428,374
1355,837,11,435,372
1356,733,3,445,17
1357,655,8,186,158
1358,443,1,542,498
1359,567,15,585,206
1360,780,16,548,276
1361,974,14,67,49
1362,189,15,331,86
1363,596,16,976,42
1364,366,2,427,84
1365,72,17,872,659
1366,454,12,680,604
1367,246,7,63,7
1368,707,12,835,331
1369,311,13,503,456
1370,345,11,668,176
1371,558,0,995,811
1372,615,3,753,247
1373,711,8,559,412
1374,88,19,477,267
1375,449,7,227,54
1376,757,4,700,263
1377,778,10,751,2
1378,653,2,499,386
1379,159,18,678,523
1380,326,12,898,465
1381,355,16,549,399
1382,939,10,443,73
1383,556,8,402,324
1384,134,6,346,339
1385,763,1,231,213
1386,196,6,596,489
1387,346,6,398,312
1388,166,7,98,10
1389,141,14,956,316
1390,708,17,453,48
1391,107,5,687,646
1392,409,0,545,370
1393,797,8,426,53
1394,356,12,1035,326
1395,931,0,190,53
1396,410,1,893,560
1397,515,12,440,350
1398,607,3,959,344
1399,260,2,88,39
1400,172,11,741,78
1401,428,17,301,72
1402,791,7,133,114
1403,671,1,699,629
1404,48,10,367,166
1405,841,5,70,55
1406,847,9,581,99
1407,600,15,310,14
1408,161,19,226,219
1409,213,7,723,401
1410,826,1,85,62
1411,393,8,633,137
1412,562,6,188,93
1413,458,13,50,36
1414,850,19,75,54
1415,685,9,456,121
1416,37,15,213,138
1417,635,6,130,69
1418,113,4,191,157
1419,390,10,387,21
1420,37,12,865,701
1421,802,8,64,52
1422,107,13,502,216
1423,102,15,264,36
1424,101,12,256,57
1425,74,3,124,102
1426,568,9,895,479
1427,617,5,126,7
1428,646,17,337,127
1429,390,19,187,67
1430,949,18,304,171
1431,312,13,139,91
1432,235,2,649,42
1433,71,13,149,11
1434,715,0,593,437
1435,566,11,325,115
1436,159,13,80,9
1437,457,1,120,109
1438,622,12,647,231
1439,550,4,1012,529
1440,100,1,867,641
1441,805,0,99,58
1442,414,9,721,583
1443,74,15,422,175
1444,733,8,362,35
1445,95,3,987,356
1446,776,5,1014,288
1447,860,6,760,126
1448,956,1,914,242
1449,873,9,343,46
1450,349,3,852,352
1451,320,10,91,32
1452,364,13,547,245
1453,765,3,751,231
1454,400,6,657,115
1455,247,13,107,68
1456,87,17,626,550
1457,166,7,408,333
1458,436,12,124,24
1459,357,6,112,54
1460,191,6,959,88
1461,415,11,609,545
1462,930,18,68,29
1463,659,13,953,233
1464,688,3,504,405
1465,865,6,120,36
1466,806,10,799,187
1467,124,17,979,34
1468,548,17,443,115
1469,327,14,532,484
1470,442,15,652,343
1471,978,17,373,266
1472,285,16,502,78
1473,125,18,476,318
1474,9,9,104,83
1475,161,3,677,35
1476,502,3,369,280
1477,579,5,550,377
1478,28,15,899,430
1479,554,0,339,84
1480,385,15,890,1
1481,470,4,320,292
1482,727,15,299,286
1483,473,6,925,671
1484,184,3,919,696
1485,111,7,232,127
1486,604,7,935,742
1487,791,9,873,219
1488,423,15,767,207
1489,697,2,511,296
1490,14,2,869,289
1491,831,12,277,197
1492,464,7,640,273
1493,222,8,105,58
1494,198,6,619,456
1495,220,9,265,247
1496,948,7,649,631
1497,73,19,670,192
1498,912,7,760,379
1499,304,12,634,595
1500,32,17,576,151
1501,332,0,1019,453
1502,430,14,443,47
1503,341,10,328,241
1504,93,12,828,470
1505,698,12,56,33
1506,370,2,738,88
1507,223,3,920,356
1508,133,6,787,28
1509,294,8,155,42
1510,951,9,563,112
1511,183,7,361,148
1512,284,2,332,296
1513,161,3,914,628
1514,656,11,853,449
1515,840,19,970,787
1516,243,14,1030,424
1517,303,14,524,367
1518,599,16,511,73
1519,445,16,553,492
1520,486,5,310,91
1521,58,19,232,110
1522,358,18,847,635
1523,368,18,781,318
1524,614,12,883,646
1525,436,13,212,196
1526,800,19,340,226
1527,308,18,100,36
1528,199,4,773,729
1529,512,8,1038,566
1530,240,6,611,360
1531,946,4,668,585
1532,842,17,1040,455
1533,544,14,764,535
1534,584,2,557,178
1535,302,16,349,316
1536,875,0,116,81
1537,743,19,167,44
1538,34,0,878,635
1539,811,11,844,83
1540,819,9,632,317
1541,775,11,971,398
1542,305,16,437,131
1543,890,18,425,152
1544,686,5,833,139
1545,451,3,623,197
1546,679,16,378,218
1547,686,13,497,179
1548,5,4,719,464
1549,102,15,435,137
1550,568,18,370,78
1551,170,8,116,43
1552,171,11,872,566
1553,193,12,764,275
1554,317,9,525,49
1555,559,5,399,169
1556,380,6,985,152
1557,528,18,889,39
1558,569,4,95,70
1559,834,15,945,783
1560,240,10,427,220
1561,573,10,312,18
1562,150,1,265,142
1563,555,3,145,92
1564,67,2,131,88
1565,842,9,656,617
1566,632,10,569,8
1567,702,10,269,184
1568,640,13,623,434
1569,778,18,904,73
1570,992,18,52,44
1571,782,12,500,142
1572,288,14,303,294
1573,567,7,205,72
1574,761,8,554,124
1575,459,2,1035,1015
1576,78,17,849,547
1577,876,11,519,200
1578,213,1,393,353
1579,570,11,555,128
1580,981,4,267,38
1581,939,16,92,1
1582,495,17,768,236
1583,973,5,681,504
1584,279,14,404,291
1585,455,9,386,326
1586,970,17,404,137
1587,989,4,347,168
1588,575,5,386,328
1589,195,12,1048,1028
1590,80,18,286,186
1591,447,9,97,50
1592,280,8,972,558
1593,896,1,477,84
1594,3,0,466,190
1595,915,12,992,294
1596,147,8,288,206
1597,938,16,870,380
1598,527,19,855,302
1599,525,17,919,888
1600,659,10,53,13
1601,651,14,1011,973
1602,4,4,765,39
1603,911,6,573,306
1604,539,10,457,305
1605,597,15,986,546
1606,103,8,417,375
1607,635,2,240,163
1608,365,13,403,153
1609,379,0,425,286
1610,393,18,187,58
1611,965,6,903,360
1612,340,8,857,300
1613,183,17,527,502
1614,310,8,288,262
1615,454,2,160,38
1616,770,1,306,283
1617,740,19,291,233
1618,534,10,903,132
1619,146,8,1034,662
1620,242,0,429,84
1621,380,19,194,183
1622,334,17,550,198
1623,34,3,779,392
1624,430,2,447,272
1625,635,12,532,491
1626,303,16,309,75
1627,57,5,345,1
1628,369,10,911,10
1629,641,19,103,82
1630,884,1,297,85
1631,514,5,660,87
1632,853,16,852,714
1633,155,18,761,271
1634,280,19,905,337
1635,566,16,977,851
1636,100,8,653,502
1637,553,8,593,476
1638,316,0,947,349
1639,498,14,920,227
1640,842,2,847,205
1641,280,1,206,51
1642,276,12,871,241
1643,982,9,190,34
1644,289,0,930,94
1645,513,15,909,872
1646,82,0,602,83
1647,607,8,434,175
1648,907,9,483,465
1649,343,10,166,67
1650,153,11,643,213
1651,445,16,771,438
1652,434,15,418,217
1653,892,18,543,97
1654,714,15,881,619
1655,508,18,488,458
1656,554,17,869,192
1657,827,15,838,730
1658,137,12,834,88
1659,285,10,669,8
1660,717,9,417,371
1661,231,4,154,87
1662,240,2,444,146
1663,957,12,315,272
1664,45,6,1031,149
1665,697,19,890,16
1666,81,7,447,192
1667,733,6,728,434
1668,412,5,468,77
1669,93,5,395,372
1670,839,17,296,150
1671,727,15,554,368
1672,214,16,566,158
1673,596,19,349,69
1674,925,11,86,56
1675,934,12,943,159
1676,981,17,997,291
1677,242,1,478,192
1678,469,16,527,239
1679,893,6,343,266
1680,642,2,1047,876
1681,688,17,428,110
1682,393,1,923,17
1683,902,1,119,83
1684,130,3,730,250
1685,371,17,718,615
1686,21,15,1031,563
1687,660,1,519,13
1688,61,17,1045,568
1689,74,8,643,571
1690,81,1,898,829
1691,145,0,1044,11
1692,960,12,534,80
1693,779,4,456,429
1694,434,1,818,70
1695,191,1,405,167
1696,51,1,212,144
1697,974,0,533,151
1698,465,11,567,288
1699,921,9,825,786
1700,731,16,901,500
1701,974,19,728,403
1702,953,7,254,152
1703,978,9,918,763
1704,920,17,144,108
1705,358,9,143,114
1706,613,2,111,21
1707,765,8,747,616
1708,303,10,291,104
1709,577,16,369,163
1710,855,9,79,69
1711,922,1,158,41
1712,928,3,485,369
1713,1,0,860,388
1714,337,15,764,427
1715,102,10,118,32
1716,312,7,812,801
1717,367,17,280,90
1718,430,6,567,562
1719,651,9,145,39
1720,103,5,279,35
1721,448,4,962,481
1722,344,14,468,195
1723,738,10,101,12
1724,201,4,877,689
1725,117,1,64,4
1726,811,16,723,166
1727,383,18,378,5
1728,177,12,1043,391
1729,289,9,50,31
1730,128,15,754,468
1731,605,12,893,719
1732,216,14,432,274
1733,918,1,478,146
1734,978,1,256,208
1735,500,3,966,7
1736,41,0,604,339
1737,991,16,963,878
1738,315,10,570,153
1739,609,1,826,11
1740,727,16,579,483
1741,703,0,958,505
1742,607,6,584,397
1743,62,12,520,77
1744,101,16,958,379
1745,567,0,439,235
1746,183,18,625,147
1747,517,8,519,375
1748,468,16,705,204
1749,555,2,252,219
1750,469,11,929,86
1751,512,13,1013,352
1752,311,5,77,21
1753,220,9,515,408
1754,854,8,441,319
1755,106,13,905,241
1756,377,12,542,8
1757,454,7,131,57
1758,362,7,598,462
1759,94,15,193,171
1760,764,0,253,203
1761,523,16,314,47
1762,957,0,752,283
1763,774,8,1003,808
1764,835,14,431,265
1765,981,4,672,8
1766,473,19,540,431
1767,157,1,647,140
1768,441,10,690,214
1769,519,11,210,9
1770,152,6,248,71
1771,173,18,626,529
1772,46,6,222,169
1773,43,15,390,43
1774,757,7,389,66
1775,760,16,780,436
1776,80,18,465,454
1777,764,8,564,244
1778,987,9,559,238
1779,826,14,666,491
1780,439,14,633,89
1781,805,15,762,364
1782,36,19,894,468
1783,228,18,860,443
1784,758,6,1012,726
1785,479,15,959,534
1786,162,18,1048,739
1787,433,12,535,155
1788,696,0,626,286
1789,158,17,248,197
1790,632,15,484,177
1791,4,5,202,162
1792,935,16,113,56
1793,451,10,645,320
1794,65,17,136,30
1795,966,1,372,148
1796,749,1,911,888
1797,930,15,996,379
1798,326,6,506,320
1799,692,8,611,607
1800,614,18,51,19
1801,997,11,483,352
1802,291,6,385,166
1803,694,8,54,3
1804,684,17,171,15
1805,230,4,457,182
1806,962,10,316,71
1807,217,12,715,516
1808,161,12,494,257
1809,376,13,756,97
1810,862,17,521,189
1811,941,9,432,5
1812,912,4,227,49
1813,805,12,572,559
1814,424,13,926,172
1815,702,19,909,743
1816,931,4,623,423
1817,152,5,173,101
1818,180,5,858,8
1819,182,8,263,201
1820,780,5,225,21
1821,612,12,568,377
1822,44,3,1020,951
1823,527,15,86,13
1824,783,0,384,189
1825,770,10,338,129
1826,43,15,554,310
1827,637,14,423,395
1828,918,18,242,112
1829,102,15,442,330
1830,250,6,123,10
1831,161,8,1026,612
1832,131,18,871,513
1833,481,16,166,84
1834,981,19,844,644
1835,975,14,52,17
1836,672,13,491,210
1837,831,17,886,699
1838,886,0,613,436
1839,56,16,276,46
1840,865,3,542,266
1841,266,15,71,0
1842,415,9,524,332
1843,271,4,449,41
1844,512,10,175,95
1845,380,6,359,170
1846,828,14,584,140
1847,375,9,1049,772
1848,750,2,627,57
1849,976,15,382,345
1850,141,13,239,228
1851,305,1,602,198
1852,280,11,490,397
1853,944,3,850,168
1854,567,0,263,13
1855,786,2,436,149
1856,878,10,889,693
1857,767,5,898,3
1858,459,6,599,181
1859,18,15,541,151
1860,837,2,608,284
1861,536,7,483,170
1862,333,18,982,552
1863,437,0,867,64
1864,774,10,405,394
1865,940,4,717,434
1866,861,13,762,183
1867,934,16,484,292
1868,611,12,357,70
1869,263,6,869,39
1870,104,3,881,32
1871,293,14,415,53
1872,80,7,705,107
1873,642,5,795,390
1874,655,14,651,197
1875,799,12,692,589
1876,406,13,926,710
1877,809,13,549,408
1878,885,5,989,243
1879,302,12,1007,621
1880,600,5,579,211
1881,462,10,202,117
1882,573,12,766,557
1883,267,9,720,507
1884,546,1,149,81
1885,643,6,231,32
1886,40,14,1036,696
1887,35,2,285,164
1888,404,7,461,349
1889,531,17,324,89
1890,242,9,455,294
1891,254,1,837,482
1892,386,4,656,178
1893,888,0,358,108
1894,125,2,116,47
1895,696,8,94,46
1896,799,3,557,293
1897,37,2,485,33
1898,348,15,66,17
1899,99,15,127,93
1900,460,5,170,91
1901,221,0,351,300
1902,488,7,312,36
1903,658,15,318,169
1904,908,11,902,594
1905,489,19,275,91
1906,373,11,451,152
1907,646,0,361,154
1908,339,9,911,141
1909,853,12,1006,948
1910,477,19,468,139
1911,716,6,752,263
1912,473,0,1028,493
1913,275,10,760,241
1914,611,13,927,815
1915,716,3,80,12
1916,538,8,451,160
1917,932,19,214,151
1918,488,16,1044,945
1919,818,10,689,651
1920,304,5,404,150
1921,733,14,640,200
1922,640,16,713,207
1923,960,12,496,312
1924,326,13,1019,565
1925,103,9,604,312
1926,845,7,644,510
1927,921,5,292,71
1928,319,8,472,349
1929,341,19,64,17
1930,777,6,773,282
1931,759,15,732,598
1932,628,14,257,195
1933,834,6,852,50
1934,520,7,505,89
1935,908,13,982,110
1936,464,7,174,57
1937,71,2,844,536
1938,754,17,471,300
1939,92,5,465,24
1940,534,9,787,567
1941,719,11,449,79
1942,164,15,725,166
1943,48,14,203,189
1944,224,3,472,464
1945,494,14,1040,657
1946,735,10,939,872
1947,803,13,83,77
1948,969,3,980,723
1949,36,7,552,109
1950,798,14,870,613
1951,104,10,662,479
1952,483,16,196,97
1953,598,19,479,249
1954,252,4,373,319
1955,601,7,949,108
1956,793,0,960,466
1957,381,15,1044,262
1958,163,13,591,55
1959,336,11,549,385
1960,853,14,701,525
1961,700,6,110,58
1962,661,17,154,147
1963,393,7,132,100
1964,874,7,931,456
1965,501,5,163,68
1966,613,0,876,770
1967,213,16,161,15
1968,362,12,496,221
1969,419,18,769,167
1970,406,15,132,7
1971,248,6,403,262
1972,136,17,954,817
1973,384,3,855,316
1974,441,10,489,130
1975,307,17,985,905
1976,662,15,167,141
1977,639,11,355,266
1978,970,15,337,89
1979,153,3,184,33
1980,742,2,359,13
1981,555,4,828,143
1982,683,5,851,294
1983,548,15,767,386
1984,892,11,608,319
1985,813,9,369,57
1986,287,13,956,640
1987,808,10,757,556
1988,442,2,136,84
1989,849,5,207,126
1990,55,19,884,652
1991,670,1,688,556
1992,418,8,613,389
1993,913,17,926,76
1994,71,4,737,431
1995,642,8,358,141
1996,103,9,656,605
1997,455,13,820,753
1998,729,17,362,274
1999,709,3,239,233
2000,866,2,780,87
2001,837,5,415,242
2002,616,2,317,286
2003,730,0,200,66
2004,112,14,202,39
2005,560,8,223,151
2006,125,15,680,677
2007,636,18,193,180
2008,338,4,592,378
2009,48,16,336,126
2010,676,13,906,64
2011,237,2,183,74
2012,858,11,1013,999
2013,80,10,691,67
2014,359,4,666,657
2015,815,0,930,251
2016,84,11,102,53
2017,611,15,205,154
2018,648,10,910,855
2019,294,18,303,250
2020,594,18,410,294
2021,588,16,429,256
2022,594,10,468,319
2023,531,7,501,20
2024,781,19,744,30
2025,996,8,401,202
2026,840,4,67,33
2027,569,17,227,145
2028,506,7,694,318
2029,375,0,688,419
2030,108,7,530,197
2031,227,15,463,405
2032,89,11,339,116
2033,38,10,249,141
2034,144,9,655,177
2035,923,6,736,508
2036,287,12,886,317
2037,717,17,921,21
2038,607,15,409,88
2039,44,6,388,242
2040,508,1,1044,196
2041,374,17,112,53
2042,396,7,917,527
2043,935,5,513,297
2044,205,3,573,538
2045,515,8,732,658
2046,152,16,860,502
2047,601,10,87,19
2048,354,19,190,81
2049,679,2,243,97
2050,136,15,1018,230
2051,930,19,212,149
2052,432,9,447,364
2053,893,19,565,385
2054,500,17,710,440
2055,670,19,685,149
2056,551,2,557,209
2057,262,12,942,54
2058,759,5,464,81
2059,95,6,978,0
2060,763,10,872,318
2061,822,9,599,15
2062,525,9,637,319
2063,320,15,882,431
2064,783,10,589,35
2065,646,7,301,131
2066,15,13,645,453
2067,354,9,330,194
2068,596,10,268,110
2069,762,2,214,191
2070,944,17,740,520
2071,722,16,121,94
2072,405,10,506,459
2073,83,7,595,452
2074,298,2,651,462
2075,616,1,62,42
2076,998,0,231,195
2077,453,15,776,243
2078,297,9,488,376
2079,544,1,471,356
2080,183,0,897,253
2081,242,9,332,161
2082,886,1,456,287
2083,421,4,1043,305
2084,92,5,582,200
2085,300,11,743,708
2086,524,8,515,451
2087,655,2,72,65
2088,671,18,556,62
2089,878,8,246,57
2090,965,18,727,33
2091,851,17,396,99
2092,483,1,979,192
2093,499,14,176,31
2094,324,11,1035,468
2095,763,16,519,14
2096,835,17,513,244
2097,332,8,163,123
2098,68,17,404,235
2099,312,16,326,202
2100,880,16,580,540
2101,941,8,142,8
2102,999,11,450,166
2103,959,10,225,109
2104,957,4,1003,655
2105,655,10,360,32
2106,431,9,396,91
2107,752,17,813,514
2108,685,6,260,254
2109,790,2,758,191
2110,663,1,286,88
2111,959,12,673,568
2112,786,1,462,304
2113,267,1,88,41
2114,922,4,849,608
2115,158,17,468,198
2116,567,14,527,179
2117,258,11,428,403
2118,706,16,970,892
2119,247,2,509,118
2120,566,18,286,262
2121,893,13,696,55
2122,545,4,953,176
2123,318,7,209,81
2124,698,9,890,224
2125,222,3,475,188
2126,26,11,227,163
2127,396,17,71,62
2128,709,12,664,279
2129,24,10,164,151
2130,344,5,735,97
2131,221,0,621,577
2132,730,11,487,332
2133,278,19,160,19
2134,349,5,731,512
2135,274,4,283,151
2136,115,19,654,363
2137,665,5,527,398
2138,755,9,263,88
2139,590,6,375,203
2140,387,8,308,14
2141,341,13,311,145
2142,77,7,320,155
2143,852,7,454,121
2144,260,7,750,318
2145,251,17,886,641
2146,949,10,85,81
2147,62,15,209,84
2148,793,11,371,137
2149,391,16,171,148
2150,519,17,460,256
2151,958,15,92,17
2152,692,11,795,149
2153,611,2,541,409
2154,276,6,477,140
2155,327,2,151,3
2156,359,18,906,152
2157,593,17,161,1
2158,415,2,629,316
2159,981,6,969,721
2160,406,12,569,414
2161,636,17,655,181
2162,42,19,819,541
2163,904,8,951,411
2164,875,19,436,112
2165,782,2,317,251
2166,369,12,302,243
2167,220,19,680,586
2168,760,2,436,57
2169,994,4,401,282
2170,45,13,484,481
2171,123,3,267,193
2172,687,3,862,100
2173,274,6,642,126
2174,993,1,795,712
2175,431,11,102,74
2176,372,17,360,301
2177,777,6,687,336
2178,143,14,963,872
2179,28,2,559,515
2180,497,1,98,12
2181,874,1,1029,571
2182,954,18,777,237
2183,779,12,510,146
2184,975,4,1042,523
2185,503,8,772,254
2186,469,0,748,9
2187,551,2,369,90
2188,891,19,878,501
2189,369,15,794,443
2190,682,2,978,539
2191,275,5,485,171
2192,438,13,548,157
2193,677,0,245,234
2194,259,0,691,45
2195,609,16,475,287
2196,842,7,420,151
2197,876,17,188,65
2198,731,11,764,413
2199,220,6,719,290
2200,435,10,940,716
2201,313,9,997,488
2202,741,18,932,848
2203,110,5,745,109
2204,890,14,602,157
2205,670,14,120,11
2206,403,19,65,32
2207,297,7,480,19
2208,59,15,685,89
2209,190,19,1026,114
2210,351,14,659,119
2211,824,0,1033,690
2212,695,15,939,775
2213,756,11,553,526
2214,724,3,175,87
2215,206,1,811,621
2216,610,18,251,93
2217,233,14,61,11
2218,173,15,973,355
2219,654,18,180,168
2220,221,8,547,333
2221,385,10,61,40
2222,979,3,385,130
2223,952,7,796,211
2224,788,13,714,494
2225,933,15,325,276
2226,131,11,580,422
2227,977,14,249,152
2228,936,11,735,465
2229,961,1,461,51
2230,253,7,412,285
2231,427,6,617,602
2232,660,18,79,76
2233,887,13,628,6
2234,332,8,118,20
2235,695,0,146,125
2236,756,1,569,45
2237,841,11,560,483
2238,332,14,442,322
2239,889,4,852,451
2240,272,7,908,252
2241,618,12,839,629
2242,942,10,782,703
2243,836,4,236,152
2244,188,2,79,56
2245,572,9,376,186
2246,461,13,377,373
2247,744,11,338,130
2248,955,16,375,343
2249,978,9,642,306
2250,555,3,232,117
2251,74,15,131,127
2252,390,2,372,110
2253,566,10,362,309
2254,860,16,451,315
2255,324,2,974,567
2256,352,7,435,167
2257,132,3,360,350
2258,736,17,89,72
2259,416,11,922,533
2260,548,16,332,196
2261,140,18,466,454
2262,684,15,590,141
2263,152,6,325,28
2264,908,2,196,76
2265,707,18,134,10
2266,258,1,307,241
2267,79,11,710,178
2268,995,5,811,12
2269,762,9,403,121
2270,219,17,549,71
2271,328,14,523,32
2272,828,14,526,440
2273,643,7,103,46
2274,187,15,76,18
2275,253,12,50,23
2276,704,5,469,388
2277,370,16,1034,723
2278,452,0,84,44
2279,745,10,427,175
2280,978,7,798,710
2281,449,0,944,632
2282,216,19,886,88
2283,294,8,404,300
2284,285,12,519,272
2285,611,2,634,86
2286,122,14,912,178
2287,902,14,922,82
2288,435,5,982,602
2289,561,7,469,380
2290,133,8,423,250
2291,13,14,909,644
2292,191,18,987,474
2293,486,15,160,80
2294,266,0,747,694
2295,724,11,820,645
2296,915,11,772,418
2297,405,0,114,84
2298,406,0,866,486
2299,542,14,516,214
2300,826,10,143,84
2301,281,3,944,456
2302,585,5,83,7
2303,974,16,1012,682
2304,790,14,699,500
2305,516,1,658,472
2306,518,5,236,27
2307,581,8,619,353
2308,42,1,478,256
2309,384,11,309,118
2310,193,15,987,178
2311,968,9,471,33
2312,48,6,799,89
2313,455,0,425,338
2314,163,16,335,203
2315,856,5,519,407
2316,842,15,1036,257
2317,949,18,1044,318
2318,607,4,511,496
2319,535,2,553,418
2320,188,15,52,43
2321,92,16,253,227
2322,16,16,977,912
2323,912,8,979,412
2324,752,16,245,137
2325,118,12,905,622
2326,463,13,251,117
2327,270,12,389,85
2328,360,9,126,53
2329,279,2,216,100
2330,200,15,788,481
2331,355,2,69,37
2332,407,19,965,563
2333,791,2,976,921
2334,5,10,867,82
2335,41,2,344,334
2336,727,7,953,260
2337,634,1,903,709
2338,25,3,614,425
2339,772,5,934,559
2340,570,5,57,42
2341,939,19,708,197
2342,533,6,868,319
2343,197,16,614,148
2344,188,18,498,104
2345,36,5,501,209
2346,477,5,666,247
2347,632,11,861,705
2348,247,10,444,224
2349,71,11,817,654
2350,747,7,296,107
2351,910,15,1018,152
2352,220,6,412,303
2353,502,14,135,120
2354,993,12,324,321
2355,282,12,188,9
2356,232,18,289,152
2357,61,14,509,197
2358,514,7,389,297
2359,983,14,401,337
2360,828,11,643,408
2361,958,12,961,123
2362,153,10,929,869
2363,510,14,528,401
2364,282,9,206,98
2365,308,17,314,271
2366,72,7,614,503
2367,388,13,927,21
2368,854,16,355,344
2369,408,16,918,911
2370,833,1,571,425
2371,81,7,604,168
2372,73,18,447,197
2373,597,15,445,317
2374,111,10,607,570
2375,321,0,279,239
2376,111,7,432,428
2377,263,17,835,408
2378,989,6,824,138
2379,903,14,909,459
2380,609,14,958,740
2381,542,4,817,456
2382,301,14,84,49
2383,636,0,702,512
2384,627,14,718,566
2385,791,4,540,401
2386,305,1,931,222
2387,986,11,351,73
2388,294,17,888,545
2389,675,9,755,389
2390,876,5,778,36
2391,86,8,351,80
2392,190,13,954,505
2393,972,11,84,23
2394,9,2,584,144
2395,41,15,237,170
2396,692,15,490,486
2397,327,5,383,169
2398,129,4,331,182
2399,69,0,783,302
2400,476,6,151,112
2401,627,0,104,86
2402,368,8,643,460
2403,93,13,956,180
2404,543,7,175,82
2405,598,8,624,390
2406,616,11,701,592
2407,300,9,50,8
2408,824,15,145,128
2409,784,7,812,333
2410,188,12,664,336
2411,564,5,176,157
2412,634,7,491,373
2413,572,10,835,692
2414,261,9,811,2
2415,560,14,1044,729
2416,544,2,516,333
2417,446,10,475,457
2418,95,14,315,309
2419,553,11,92,63
2420,411,5,266,10
2421,975,12,228,69
2422,124,4,177,12
2423,916,3,1040,629
2424,806,12,572,452
2425,529,19,306,132
2426,887,14,81,58
2427,929,12,421,366
2428,548,17,840,755
2429,256,17,446,366
2430,473,14,731,561
2431,660,4,491,254
2432,832,4,533,252
2433,142,13,709,342
2434,142,0,893,384
2435,799,3,455,407
2436,379,9,281,61
2437,405,9,878,735
2438,168,16,909,369
2439,429,2,960,163
2440,368,9,1003,533
2441,272,12,879,737
2442,361,7,1010,994
2443,912,5,381,9
2444,650,3,354,121
2445,497,0,767,132
2446,588,17,700,128
2447,682,4,124,94
2448,291,14,699,238
2449,227,1,117,111
2450,428,16,647,104
2451,199,4,316,285
2452,302,5,1046,867
2453,193,19,1007,1003
2454,691,11,138,46
2455,128,18,803,484
2456,373,4,776,41
2457,780,11,731,258
2458,427,11,653,619
2459,896,2,248,74
2460,395,9,792,372
2461,384,13,840,632
2462,199,8,229,30
2463,338,17,57,31
2464,298,15,750,147
2465,823,2,468,320
2466,546,4,969,747
2467,456,10,340,306
2468,477,11,910,117
2469,506,7,190,122
2470,574,17,368,167
2471,420,19,73,59
2472,662,10,313,209
2473,910,19,725,452
2474,741,6,712,412
2475,202,17,445,433
2476,808,17,428,163
2477,932,7,550,514
2478,818,10,207,69
2479,939,11,952,351
2480,221,3,517,499
2481,375,13,689,399
2482,615,14,1020,798
2483,443,13,495,226
2484,840,5,420,408
2485,210,3,844,46
2486,64,15,118,60
2487,75,6,97,15
2488,11,4,135,112
2489,142,16,966,371
2490,990,0,731,412
2491,902,0,229,73
2492,145,16,1044,270
2493,438,10,908,627
2494,588,11,170,125
2495,382,2,209,4
2496,124,14,809,573
2497,534,4,781,290
2498,757,12,864,787
2499,15,10,156,59
2500,78,6,774,59
2501,199,13,185,14
2502,714,11,293,52
2503,963,5,660,531
2504,3,13,905,266
2505,899,2,509,95
2506,647,6,399,54
2507,323,5,663,96
2508,581,15,160,91
2509,206,11,1040,423
2510,446,19,245,163
2511,411,10,637,489
2512,158,4,442,59
2513,634,16,400,287
2514,177,9,645,237
2515,781,3,196,55
2516,840,2,205,126
2517,465,12,396,385
2518,932,15,589,458
2519,476,14,433,73
2520,167,1,856,496
2521,910,5,411,217
2522,744,2,412,169
2523,282,15,693,593
2524,925,12,617,130
2525,723,4,235,8
2526,711,2,65,37
2527,17,11,868,494
2528,331,2,239,89
2529,156,6,298,44
2530,470,5,378,101
2531,37,2,94,44
2532,318,17,616,573
2533,553,8,62,48
2534,445,6,445,441
2535,799,8,137,102
2536,263,0,715,160
2537,943,9,856,1
2538,688,2,897,66
2539,818,2,644,147
2540,256,13,327,111
2541,974,7,1004,622
2542,129,13,125,81
2543,697,5,1037,961
2544,893,6,57,35
2545,627,9,673,640
2546,874,8,415,191
2547,358,5,371,283
2548,799,0,192,15
2549,39,1,159,93
2550,30,4,686,154
2551,740,7,204,196
2552,354,6,252,45
2553,45,14,491,105
2554,568,4,863,673
2555,956,15,423,96
2556,927,13,921,389
2557,31,14,820,382
2558,873,14,466,442
2559,915,13,489,213
2560,514,10,495,462
2561,256,5,848,443
2562,749,18,414,253
2563,65,6,115,106
2564,964,5,509,265
2565,330,15,70,16
2566,742,1,183,136
2567,642,3,1001,738
2568,272,11,432,51
2569,105,13,973,58
2570,199,10,334,128
2571,208,8,188,103
2572,730,16,440,320
2573,893,7,242,74
2574,826,7,320,206
2575,886,13,928,767
2576,90,17,338,300
2577,67,2,733,267
2578,961,12,917,667
2579,934,4,237,49
2580,908,14,614,108
2581,859,18,348,191
2582,583,13,377,354
2583,930,0,377,150
2584,403,11,738,56
2585,322,4,533,384
2586,494,11,1029,456
2587,509,10,483,170
2588,904,2,100,33
2589,961,13,424,234
2590,402,7,615,88
2591,571,11,593,343
2592,270,3,962,425
2593,3,8,681,110
2594,875,0,148,58
2595,244,19,234,164
2596,968,17,668,299
2597,58,7,201,16
2598,142,8,820,135
2599,548,7,708,221
2600,81,11,552,362
2601,185,13,645,253
2602,93,3,85,28
2603,604,18,925,570
2604,650,19,156,103
2605,586,4,227,122
2606,649,18,982,434
2607,577,14,293,98
2608,670,8,191,90
2609,537,15,484,322
2610,278,12,476,190
2611,556,11,857,120
2612,976,4,847,406
2613,430,8,484,86
2614,150,19,463,278
2615,735,10,265,44
2616,202,5,594,9
2617,470,19,410,234
2618,851,7,94,80
2619,101,11,562,396
2620,903,12,497,384
2621,889,16,94,87
2622,552,0,549,244
2623,681,18,348,287
2624,817,4,824,401
2625,596,16,341,168
2626,488,7,1029,72
2627,341,1,108,29
2628,555,14,510,267
2629,296,15,1013,879
2630,293,8,83,40
2631,884,3,201,159
2632,392,11,842,198
2633,40,18,111,105
2634,1,13,351,258
2635,735,17,442,169
2636,320,15,682,593
2637,670,5,687,268
2638,655,13,830,438
2639,203,19,853,168
2640,9,15,1021,758
2641,405,5,740,94
2642,802,13,279,192
2643,880,15,376,310
2644,794,7,874,143
2645,799,7,678,283
2646,179,9,1040,40
2647,194,12,571,146
2648,544,12,430,99
2649,80,2,714,607
2650,463,10,480,176
2651,195,12,444,127
2652,229,10,360,205
2653,48,0,694,486
2654,894,1,871,37
2655,702,6,97,27
2656,19,17,359,133
2657,180,4,899,203
2658,83,2,889,775
2659,69,15,264,190
2660,125,11,58,35
2661,365,12,573,32
2662,746,9,173,91
2663,2,11,256,141
2664,61,16,398,28
2665,605,11,947,814
2666,476,3,99,82
2667,913,16,969,277
2668,790,19,835,184
2669,16,11,485,259
2670,340,8,728,281
2671,587,1,999,901
2672,433,19,1038,790
2673,144,8,168,92
2674,380,10,771,650
2675,139,7,250,74
2676,171,7,287,56
2677,583,10,402,244
2678,688,8,851,547
2679,964,11,512,238
2680,621,3,179,51
2681,280,6,340,191
2682,793,7,318,193
2683,120,9,1000,955
2684,122,0,602,506
2685,438,16,194,126
2686,561,11,442,236
2687,577,9,1000,686
2688,939,12,410,215
2689,458,13,947,137
2690,101,13,55,27
2691,347,1,983,737
2692,45,5,1001,320
2693,904,17,327,82
2694,101,6,522,462
2695,207,0,306,236
2696,945,17,701,157
2697,457,17,707,402
2698,77,18,881,52
2699,56,15,562,64
2700,993,16,798,590
2701,129,5,853,565
2702,487,9,333,315
2703,785,11,380,294
2704,721,7,714,317
2705,354,3,213,90
2706,341,16,371,170
2707,812,12,830,752
2708,426,19,695,661
2709,582,5,242,142
2710,570,11,401,160
2711,340,2,103,70
2712,576,6,516,255
2713,408,18,424,230
2714,33,11,494,39
2715,203,3,1014,279
2716,364,11,855,334
2717,794,8,599,568
2718,348,17,152,101
2719,707,2,266,28
2720,338,18,79,73
2721,183,18,366,8
2722,237,9,999,167
2723,383,8,936,348
2724,739,7,450,101
2725,601,7,747,17
2726,503,7,144,67
2727,427,6,1023,297
2728,987,15,1023,582
2729,244,7,740,606
2730,925,1,835,299
2731,663,11,334,17
2732,955,14,180,117
2733,816,12,328,154
2734,960,13,852,204
2735,534,14,779,92
2736,239,12,488,470
2737,82,14,582,543
2738,524,14,572,405
2739,300,9,948,133
2740,944,11,889,51
2741,451,13,307,84
2742,987,19,1009,389
2743,523,10,97,27
2744,834,10,1014,540
2745,621,2,871,450
2746,416,13,360,297
2747,924,9,824,542
2748,22,19,934,860
2749,20,5,432,253
2750,549,8,617,126
2751,267,3,974,897
2752,463,9,846,634
2753,954,11,372,190
2754,68,10,802,482
2755,939,19,659,503
2756,296,2,997,283
2757,809,17,802,13
2758,191,1,754,34
2759,829,0,606,0
2760,828,5,187,143
2761,596,14,840,248
2762,435,16,846,162
2763,67,8,1036,12
2764,284,12,124,85
2765,750,8,278,185
2766,552,6,102,9
2767,90,1,700,471
2768,739,14,529,524
2769,144,6,225,131
2770,538,5,657,193
2771,243,11,149,104
2772,612,12,142,56
2773,318,14,287,233
2774,211,11,571,268
2775,344,6,157,111
2776,114,11,100,78
2777,985,7,344,18
2778,837,7,901,371
2779,700,8,547,55
2780,990,19,783,77
2781,397,11,714,468
2782,164,4,644,176
2783,178,0,773,646
2784,899,9,272,162
2785,4,14,988,260
2786,65,11,560,141
2787,996,15,898,256
2788,556,9,772,145
2789,920,8,595,4
2790,886,12,165,97
2791,901,18,255,23
2792,483,12,273,136
2793,156,13,119,50
2794,280,8,852,661
2795,583,1,701,697
2796,611,6,663,392
2797,602,16,190,46
2798,775,0,619,251
2799,436,9,952,490
2800,558,4,140,11
2801,741,2,926,764
2802,495,4,447,123
2803,136,5,217,20
2804,671,13,318,198
2805,512,7,566,136
2806,473,4,264,92
2807,588,19,500,367
2808,112,4,211,140
2809,972,13,684,681
2810,169,9,1028,359
2811,147,3,617,581
2812,436,0,347,319
2813,309,5,912,624
2814,282,8,586,533
2815,128,2,998,214
2816,357,17,404,207
2817,108,4,334,301
2818,572,8,440,336
2819,437,0,778,432
2820,254,13,604,434
2821,925,7,303,278
2822,340,19,60,52
2823,660,17,571,224
2824,953,15,730,155
2825,594,9,888,704
2826,67,17,357,67
2827,1,3,408,215
2828,793,1,476,472
2829,197,0,552,100
2830,356,6,714,559
2831,605,5,175,87
2832,464,2,169,104
2833,833,3,774,241
2834,265,15,721,533
2835,707,16,167,30
2836,504,7,983,597
2837,880,0,159,87
2838,110,5,304,5
2839,550,12,717,450
2840,53,6,509,103
2841,949,7,1011,685
2842,700,0,694,114
2843,456,15,362,121
2844,353,1,922,36
2845,859,0,343,221
2846,982,8,450,413
2847,244,1,1018,726
2848,582,10,539,137
2849,667,8,507,82
2850,118,10,90,20
2851,299,13,1046,589
2852,223,13,623,483
2853,201,7,997,658
2854,832,14,981,421
2855,434,5,914,326
2856,13,15,782,213
2857,822,6,948,5
2858,597,10,432,274
2859,673,5,982,75
2860,349,4,652,266
2861,998,1,789,204
2862,144,5,179,172
2863,756,5,128,20
2864,40,1,713,411
2865,107,5,856,238
2866,867,0,612,190
2867,181,3,423,276
2868,840,14,764,209
2869,351,18,1003,162
2870,705,15,706,443
2871,175,18,121,41
2872,833,8,578,71
2873,389,1,788,552
2874,277,19,1003,330
2875,308,8,997,938
2876,644,15,915,398
2877,543,15,290,279
2878,833,9,957,247
2879,6,15,57,21
2880,677,11,628,506
2881,912,19,163,148
2882,503,12,1047,447
2883,864,2,699,357
2884,182,6,125,53
2885,67,7,582,466
2886,314,2,800,436
2887,70,9,211,36
2888,952,7,780,136
2889,777,6,466,33
2890,653,11,422,353
2891,128,7,870,842
2892,720,12,390,206
2893,318,10,437,44
2894,82,4,103,14
2895,442,19,924,594
2896,646,12,580,103
2897,299,3,381,109
2898,715,0,675,351
2899,5,3,754,595
2900,839,5,747,168
2901,364,1,833,183
2902,235,17,342,128
2903,910,5,215,77
2904,515,14,889,158
2905,891,16,519,458
2906,100,19,561,235
2907,894,12,1042,431
2908,974,9,846,88
2909,922,15,406,86
2910,330,18,298,174
2911,679,19,834,454
2912,475,1,336,124
2913,988,7,453,273
2914,238,19,495,121
2915,564,4,467,241
2916,587,19,221,62
2917,107,16,730,527
2918,851,19,126,44
2919,960,13,670,99
2920,530,4,316,245
2921,35,12,211,180
2922,92,18,166,61
2923,93,7,969,328
2924,945,0,115,12
2925,340,4,431,367
2926,578,4,166,156
2927,222,12,610,125
2928,451,12,641,376
2929,866,1,724,373
2930,361,14,283,108
2931,468,11,447,150
2932,995,8,300,107
2933,784,12,417,72
2934,971,4,294,289
2935,436,3,688,421
2936,124,13,563,95
2937,560,8,221,20
2938,978,15,947,484
2939,294,18,722,643
2940,615,11,868,96
2941,588,3,70,26
2942,746,12,490,119
2943,518,3,93,40
2944,159,7,446,135
2945,566,8,202,145
2946,452,19,617,150
2947,6,7,854,621
2948,423,13,656,452
2949,898,9,464,239
2950,227,0,1006,202
2951,65,6,124,99
2952,65,9,335,314
2953,74,13,838,298
2954,153,12,888,709
2955,761,6,966,610
2956,272,1,178,139
2957,793,10,1043,421
2958,185,4,510,97
2959,744,18,347,327
2960,983,9,945,9
2961,952,12,846,502
2962,694,19,750,391
2963,18,12,1007,591
2964,935,8,1016,0
2965,274,7,84,61
2966,866,11,1015,476
2967,984,19,883,625
2968,195,17,663,361
2969,563,0,117,14
2970,63,4,703,504
2971,685,4,85,12
2972,590,18,413,20
2973,132,19,199,122
2974,624,2,484,140
2975,852,15,483,227
2976,226,10,623,79
2977,519,9,545,496
2978,32,3,413,57
2979,647,10,203,21
2980,346,19,453,258
2981,272,7,280,107
2982,272,2,393,4
2983,881,8,909,6
2984,880,7,780,361
2985,361,4,364,104
2986,141,11,718,324
2987,867,18,222,162
2988,599,7,620,322
2989,620,13,58,29
2990,799,16,394,283
2991,361,9,694,472
2992,329,2,771,555
2993,60,0,986,641
2994,433,5,324,234
2995,230,9,626,501
2996,200,17,582,216
2997,619,7,418,280
2998,399,19,339,130
2999,659,14,849,401
3000,216,17,718,422
3001,508,1,408,335
3002,994,5,805,725
3003,475,2,994,852
3004,763,14,304,13
3005,226,0,900,815
3006,573,9,281,200
3007,344,12,899,300
3008,571,17,763,294
3009,886,11,458,400
3010,66,11,700,298
3011,406,1,747,617
3012,939,2,85,38
3013,692,13,251,184
3014,885,8,790,538
3015,759,6,744,455
3016,901,18,60,44
3017,902,11,860,629
3018,271,3,93,37
3019,252,7,649,504
3020,315,0,576,300
3021,894,17,652,156
3022,803,18,240,152
3023,393,12,899,631
3024,169,7,1039,319
3025,23,12,841,613
3026,627,0,652,427
3027,184,15,767,345
3028,457,10,79,12
3029,987,4,378,359
3030,131,7,290,111
3031,700,7,753,704
3032,772,9,719,607
3033,117,6,614,260
3034,507,7,718,362
3035,455,1,954,337
3036,151,6,813,628
3037,127,6,338,304
3038,816,13,576,361
3039,19,17,606,576
3040,691,12,160,104
3041,548,9,990,57
3042,44,12,574,48
3043,340,1,781,60
3044,394,9,471,334
3045,519,8,384,174
3046,296,18,774,200
3047,875,17,1022,745
3048,48,16,807,403
3049,33,10,926,0
3050,576,11,767,83
3051,235,0,589,384
3052,398,7,335,134
3053,542,1,792,674
3054,917,11,160,13
3055,207,16,1020,316
3056,384,17,718,178
3057,24,0,498,418
3058,740,7,543,501
3059,785,5,102,44
3060,927,7,147,22
3061,9,17,237,90
3062,789,4,379,214
3063,916,7,580,60
3064,743,6,587,18
3065,835,3,102,42
3066,763,6,801,40
3067,993,12,100,35
3068,545,15,126,68
3069,514,4,979,549
3070,282,9,225,117
3071,933,7,228,190
3072,121,13,809,426
3073,249,12,901,106
3074,347,18,410,363
3075,312,10,250,161
3076,120,17,443,29
3077,976,3,728,207
3078,441,13,640,628
3079,958,12,686,610
3080,434,0,228,215
3081,571,6,684,109
3082,287,11,268,177
3083,289,1,165,135
3084,16,2,96,83
3085,669,1,598,18
3086,990,9,899,896
3087,188,8,614,155
3088,493,7,880,671
3089,215,9,318,51
3090,554,3,612,267
3091,25,4,96,40
3092,949,1,633,520
3093,341,10,514,280
3094,469,5,126,45
3095,594,1,305,51
3096,448,12,873,816
3097,216,17,672,415
3098,954,16,1015,679
3099,131,16,376,11
3100,530,8,984,825
3101,996,11,815,216
3102,802,9,358,332
3103,85,6,627,618
3104,286,5,564,515
3105,155,19,486,127
3106,697,16,384,45
3107,963,19,681,517
3108,477,9,99,7
3109,935,19,786,554
3110,289,5,517,211
3111,848,7,816,383
3112,506,15,219,210
3113,3,18,243,198
3114,445,5,659,385
3115,653,16,1039,682
3116,560,13,1028,1012
3117,170,10,743,66
3118,550,0,297,283
3119,351,9,219,97
3120,449,2,460,58
3121,445,6,516,4
3122,320,7,452,27
3123,359,3,533,47
3124,408,12,409,387
3125,392,12,913,91
3126,781,15,708,43
3127,471,7,129,4
3128,440,14,466,38
3129,476,4,789,368
3130,447,12,384,93
3131,122,8,119,110
3132,162,13,157,49
3133,837,18,653,630
3134,905,10,316,6
3135,499,17,438,269
3136,345,14,145,55
3137,293,19,513,17
3138,350,6,769,71
3139,732,4,1011,525
3140,680,2,260,204
3141,126,11,159,88
3142,744,13,420,270
3143,576,15,509,169
3144,249,16,69,46
3145,290,7,405,248
3146,225,14,189,62
3147,304,18,467,93
3148,903,1,1027,590
3149,406,3,275,232
3150,188,15,753,517
3151,17,6,987,85
3152,892,18,1019,500
3153,466,0,101,92
3154,836,8,982,142
3155,675,19,100,86
3156,595,11,724,56
3157,641,11,444,436
3158,634,1,421,417
3159,458,1,468,401
3160,54,13,757,168
3161,630,11,812,653
3162,522,0,402,89
3163,240,1,993,404
3164,520,15,493,370
3165,924,18,942,926
3166,662,11,885,212
3167,840,0,699,529
3168,635,8,601,326
3169,452,7,511,448
3170,241,13,1045,261
3171,124,14,927,208
3172,889,19,480,179
3173,450,0,479,196
3174,789,9,1014,756
3175,574,8,813,102
3176,622,17,570,129
3177,296,12,426,259
3178,604,8,809,790
3179,386,1,418,287
3180,780,1,419,38
3181,224,1,256,237
3182,817,7,467,333
3183,833,11,565,14
3184,829,18,444,186
3185,365,11,696,573
3186,358,9,211,115
3187,614,19,677,575
3188,339,18,1017,953
3189,553,2,760,274
3190,94,16,736,229
3191,964,16,720,624
3192,146,8,291,252
3193,647,3,638,558
3194,332,16,688,214
3195,909,7,221,173
3196,204,14,327,122
3197,441,2,113,36
3198,834,9,937,420
3199,731,12,386,147
3200,867,10,659,598
3201,571,4,592,287
3202,483,0,1011,856
3203,82,1,342,325
3204,57,13,503,320
3205,421,1,232,48
3206,984,6,666,558
3207,163,9,607,518
3208,354,18,721,139
3209,756,14,65,24
3210,37,3,471,243
3211,65,17,211,86
3212,752,6,79,40
3213,577,11,241,163
3214,756,15,72,42
3215,391,14,682,48
3216,244,6,1007,1003
3217,830,10,590,576
3218,743,11,938,680
3219,591,3,513,205
3220,867,10,865,128
3221,7,5,399,33
3222,577,11,358,176
3223,156,19,968,853
3224,997,11,579,525
3225,582,11,467,285
3226,229,17,848,616
3227,264,12,764,643
3228,127,1,243,237
3229,189,14,55,42
3230,717,0,839,425
3231,725,16,52,18
3232,569,5,192,181
3233,695,13,739,618
3234,155,16,139,51
3235,959,16,87,3
3236,776,3,1024,778
3237,15,15,461,195
3238,906,16,913,96
3239,55,10,187,75
3240,196,16,546,359
3241,950,0,707,64
3242,69,18,945,205
3243,616,13,751,364
3244,586,19,124,85
3245,840,14,612,569
3246,285,7,167,71
3247,253,16,1025,849
3248,242,19,477,32
3249,822,1,798,240
3250,182,9,572,42
3251,63,1,807,224
3252,880,11,852,137
3253,564,9,305,100
3254,882,3,686,46
3255,283,19,497,84
3256,103,15,102,81
3257,492,19,850,349
3258,76,14,74,50
3259,529,3,661,349
3260,360,9,130,109
3261,552,3,399,103
3262,229,7,920,535
3263,678,1,944,840
3264,991,8,567,268
3265,251,2,745,344
3266,857,13,982,269
3267,834,15,683,441
3268,365,6,988,496
3269,399,5,172,123
3270,346,14,51,38
3271,729,8,554,366
3272,365,14,686,43
3273,615,7,999,389
3274,67,17,220,113
3275,29,2,405,198
3276,754,1,1037,1029
3277,486,18,113,106
3278,733,5,841,352
3279,560,3,531,349
3280,783,4,878,67
3281,541,9,113,56
3282,516,16,128,88
3283,550,2,1000,743
3284,821,12,217,75
3285,431,18,765,53
3286,858,15,464,281
3287,752,19,686,55
3288,967,16,67,30
3289,456,0,515,339
3290,633,4,367,320
3291,633,2,856,566
3292,280,5,236,146
3293,521,17,810,788
3294,173,2,115,9
3295,364,7,703,323
3296,834,4,409,214
3297,821,1,681,613
3298,150,10,636,462
3299,539,3,681,36
3300,128,5,458,416
3301,606,8,1037,687
3302,865,16,62,32
3303,161,7,884,694
3304,629,9,973,699
3305,374,14,86,21
3306,720,6,866,218
3307,40,3,590,10
3308,633,4,711,398
3309,106,18,1025,320
3310,676,18,726,549
3311,714,15,911,821
3312,938,10,841,254
3313,154,9,927,23
3314,912,11,343,241
3315,11,17,652,230
3316,600,17,320,268
3317,489,11,292,139
3318,728,16,597,402
3319,44,4,932,538
3320,654,1,227,197
3321,843,10,655,465
3322,461,2,182,8
3323,584,13,486,370
3324,710,18,576,238
3325,16,11,751,665
3326,962,18,489,484
3327,506,17,833,680
3328,109,0,62,9
3329,709,15,595,475
3330,346,3,388,253
3331,924,7,490,25
3332,738,13,619,145
3333,147,11,273,149
3334,767,11,213,187
3335,328,10,520,93
3336,914,12,1022,900
3337,652,14,135,120
3338,939,18,139,18
3339,746,8,705,48
3340,647,19,165,42
3341,324,14,564,212
3342,81,12,349,117
3343,395,19,237,158
3344,331,13,663,35
3345,5,18,222,177
3346,67,15,376,31
3347,702,11,618,470
3348,153,19,698,677
3349,962,8,557,47
3350,349,9,853,326
3351,30,1,246,129
3352,227,10,173,5
3353,388,4,101,16
3354,952,9,488,43
3355,733,1,759,739
3356,771,19,1046,341
3357,798,6,887,272
3358,831,2,881,851
3359,382,7,1045,183
3360,677,13,532,33
3361,612,7,632,447
3362,412,17,238,143
3363,874,0,717,496
3364,491,9,182,70
3365,686,19,815,32
3366,467,15,862,443
3367,342,9,854,296
3368,751,16,105,100
3369,49,15,331,19
3370,892,3,1038,321
3371,922,14,663,233
3372,763,10,996,847
3373,526,19,297,144
3374,156,7,302,137
3375,826,0,174,89
3376,283,16,471,4
3377,399,0,345,137
3378,53,3,276,111
3379,960,11,746,3
3380,881,14,766,64
3381,32,10,624,298
3382,0,3,271,112
3383,351,3,769,611
3384,246,12,450,36
3385,107,2,318,196
3386,641,8,933,388
3387,153,9,538,267
3388,375,16,479,231
3389,899,5,201,149
3390,618,7,316,299
3391,856,6,731,79
3392,644,2,366,168
3393,937,18,728,603
3394,765,8,195,180
3395,640,14,290,146
3396,42,18,147,132
3397,656,3,664,548
3398,469,11,521,307
3399,10,1,207,85
3400,706,4,447,228
3401,604,15,697,110
3402,965,13,716,179
3403,49,5,176,26
3404,582,6,447,326
3405,469,4,432,235
3406,142,14,242,153
3407,152,1,266,49
3408,10,3,225,188
3409,808,10,693,223
3410,517,4,978,339
3411,113,10,349,269
3412,495,1,285,197
3413,518,9,886,843
3414,826,17,275,197
3415,30,17,72,64
3416,968,11,665,355
3417,674,13,226,185
3418,240,12,139,96
3419,899,14,224,118
3420,17,2,347,101
3421,590,1,990,550
3422,323,12,521,400
3423,641,9,252,40
3424,258,8,938,78
3425,181,6,730,559
3426,412,3,739,596
3427,499,4,803,486
3428,255,3,860,536
3429,689,16,355,283
3430,326,15,263,130
3431,916,14,763,25
3432,587,1,687,111
3433,173,5,1033,157
3434,435,3,588,296
3435,982,12,578,173
3436,943,14,100,81
3437,612,10,458,193
3438,103,6,592,400
3439,52,11,112,29
3440,766,3,126,26
3441,951,0,957,869
3442,11,17,771,43
3443,208,19,139,6
3444,516,12,63,50
3445,538,4,535,329
3446,794,16,322,153
3447,148,16,376,9
3448,81,2,195,187
3449,678,9,136,83
3450,542,9,525,1
3451,739,3,1040,184
3452,273,5,225,14
3453,295,1,333,25
3454,843,10,169,148
3455,376,13,519,106
3456,54,6,328,249
3457,487,15,742,478
3458,394,18,229,167
3459,29,18,685,167
3460,107,9,118,43
3461,472,5,601,346
3462,373,12,423,262
3463,629,3,801,214
3464,347,6,938,36
3465,693,14,501,357
3466,441,17,686,232
3467,218,16,176,3
3468,311,19,995,458
3469,128,16,263,144
3470,182,2,121,11
3471,414,5,305,137
3472,938,7,726,537
3473,709,7,583,213
3474,656,7,702,661
3475,925,7,515,364
3476,415,16,363,354
3477,836,7,906,583
3478,673,19,772,764
3479,456,7,92,64
3480,608,10,591,225
3481,713,5,1040,260
3482,859,1,353,172
3483,66,9,562,518
3484,296,0,793,476
3485,967,9,143,51
3486,225,13,395,78
3487,246,2,877,613
3488,945,12,561,338
3489,432,16,597,391
3490,742,14,313,136
3491,534,13,147,38
3492,366,7,179,152
3493,182,3,170,125
3494,931,2,418,207
3495,781,4,633,14
3496,705,0,192,113
3497,611,5,850,234
3498,356,16,68,51
3499,564,8,768,371
3500,325,8,685,394
3501,532,7,182,137
3502,988,7,125,0
3503,8,4,660,498
3504,644,16,280,172
3505,497,11,827,566
3506,875,1,580,547
3507,249,4,685,342
3508,113,17,961,837
3509,45,3,712,375
3510,342,19,832,284
3511,107,19,449,58
3512,54,10,286,215
3513,579,10,435,120
3514,518,7,439,13
3515,976,7,1007,0
3516,13,8,1004,908
3517,462,2,579,412
3518,702,12,855,433
3519,595,15,1037,588
3520,178,8,476,16
3521,879,6,199,11
3522,512,19,280,233
3523,901,13,346,131
3524,847,14,219,15
3525,42,5,468,304
3526,96,16,391,60
3527,35,3,780,417
3528,870,2,80,25
3529,40,0,1010,488
3530,351,8,627,138
3531,517,8,826,638
3532,593,6,345,129
3533,45,7,63,8
3534,792,8,651,291
3535,447,15,506,78
3536,828,2,565,143
3537,587,11,170,70
3538,893,7,140,84
3539,195,10,714,457
3540,769,18,962,625
3541,116,8,512,315
3542,529,12,727,178
3543,620,11,330,150
3544,546,18,111,46
3545,715,7,960,726
3546,711,1,616,567
3547,828,6,759,282
3548,161,12,378,62
3549,99,16,394,368
3550,649,15,431,327
3551,597,12,256,196
3552,18,3,434,68
3553,709,8,347,309
3554,281,7,874,739
3555,683,13,92,28
3556,910,17,741,432
3557,756,4,778,59
3558,939,18,1031,52
3559,703,1,906,435
3560,809,9,930,307
3561,948,19,613,579
3562,175,8,693,438
3563,820,13,191,106
3564,189,1,424,46
3565,518,3,371,66
3566,82,1,203,52
3567,869,2,154,0
3568,699,8,820,78
3569,76,7,363,183
3570,581,15,399,150
3571,372,12,994,969
3572,688,7,797,343
3573,530,17,762,364
3574,660,12,344,134
3575,796,0,252,187
3576,924,11,242,47
3577,114,16,576,457
3578,639,19,83,37
3579,975,2,601,120
3580,596,8,874,277
3581,38,2,163,36
3582,971,7,336,174
3583,343,6,678,591
3584,944,19,1018,261
3585,489,19,673,238
3586,401,17,998,730
3587,415,1,313,269
3588,549,9,282,59
3589,69,11,482,7
3590,948,5,921,654
3591,474,4,106,32
3592,267,8,471,423
3593,662,3,282,53
3594,663,17,954,718
3595,250,7,542,486
3596,142,7,457,19
3597,500,19,250,137
3598,891,16,150,78
3599,546,3,892,129
3600,41,18,677,90
3601,204,16,255,223
3602,252,6,708,16
3603,356,3,883,699
3604,349,17,283,172
3605,374,6,288,274
3606,996,14,755,207
3607,498,13,554,192
3608,53,13,1017,500
3609,343,2,203,189
3610,302,2,873,35
3611,24,1,358,216
3612,677,10,484,60
3613,896,13,815,255
3614,947,7,477,163
3615,687,12,806,710
3616,909,8,149,29
3617,740,2,579,80
3618,383,7,420,8
3619,234,14,640,486
3620,233,9,169,83
3621,437,3,652,465
3622,228,13,358,147
3623,676,8,380,116
3624,443,12,295,81
3625,542,7,866,805
3626,220,18,345,181
3627,119,9,336,50
3628,294,11,829,789
3629,809,16,867,149
3630,811,2,76,68
3631,613,3,866,47
3632,485,1,1049,360
3633,730,5,77,33
3634,506,7,924,328
3635,362,10,888,694
3636,721,8,436,128
3637,961,4,863,788
3638,139,11,513,115
3639,863,3,1025,866
3640,149,3,281,121
3641,867,13,248,218
3642,51,1,498,274
3643,567,18,365,90
3644,468,3,754,268
3645,177,16,213,71
3646,786,4,611,383
3647,981,3,144,26
3648,312,17,786,7
3649,309,2,406,41
3650,452,1,589,229
3651,899,8,698,315
3652,468,10,931,569
3653,755,7,281,17
3654,586,9,941,833
3655,948,8,625,579
3656,898,16,265,254
3657,61,4,668,533
3658,329,19,627,573
3659,761,0,92,13
3660,733,3,67,5
3661,957,9,646,183
3662,673,17,596,536
3663,983,8,953,367
3664,231,5,296,162
3665,494,3,622,423
3666,373,19,998,525
3667,158,6,295,4
3668,235,7,822,698
3669,795,19,857,655
3670,225,18,466,122
3671,26,1,740,158
3672,683,17,565,16
3673,717,4,895,107
3674,678,5,820,448
3675,445,3,166,162
3676,882,9,129,54
3677,423,12,446,10
3678,359,18,300,178
3679,394,11,1021,667
3680,314,15,394,18
3681,341,14,380,91
3682,983,12,984,287
3683,59,14,278,220
3684,822,11,351,234
3685,624,4,216,78
3686,791,17,855,120
3687,914,8,513,98
3688,344,5,517,221
3689,714,5,329,52
3690,331,1,975,153
3691,43,19,219,145
3692,938,3,68,12
3693,7,15,444,90
3694,453,9,62,51
3695,423,10,411,404
3696,24,0,985,821
3697,849,18,233,204
3698,816,0,499,48
3699,145,2,648,642
3700,804,14,324,116
3701,946,2,54,28
3702,13,8,813,155
3703,92,12,336,300
3704,584,4,666,503
3705,110,8,577,9
3706,672,13,650,35
3707,418,8,634,433
3708,470,0,723,226
3709,357,16,1001,33
3710,403,19,776,130
3711,229,11,284,277
3712,922,5,293,12
3713,595,15,245,44
3714,704,12,526,516
3715,329,4,333,140
3716,590,12,933,463
3717,963,13,338,108
3718,659,2,51,9
3719,151,1,75,12
3720,139,11,924,340
3721,694,19,112,0
3722,637,12,149,117
3723,435,14,652,570
3724,686,12,687,237
3725,712,5,189,110
3726,8,5,323,170
3727,765,0,696,234
3728,56,13,893,750
3729,867,1,927,223
3730,865,18,1018,827
3731,322,15,148,112
3732,795,6,188,57
3733,673,9,589,57
3734,384,16,459,217
3735,452,7,608,33
3736,267,0,235,204
3737,765,0,669,81
3738,545,2,258,5
3739,837,10,961,330
3740,329,19,368,1
3741,137,8,703,285
3742,661,6,238,229
3743,247,15,126,32
3744,137,16,65,11
3745,768,12,680,151
3746,193,4,687,507
3747,558,7,798,577
3748,68,3,551,427
3749,92,3,550,542
3750,197,4,530,287
3751,507,11,231,166
3752,86,12,206,19
3753,209,13,786,456
3754,508,19,199,26
3755,337,6,1032,751
3756,840,9,909,161
3757,719,0,112,27
3758,34,6,74,46
3759,987,15,103,84
3760,462,2,763,639
3761,123,8,791,350
3762,472,12,468,101
3763,202,16,363,205
3764,641,19,790,141
3765,86,1,591,1
3766,537,11,179,29
3767,107,11,673,614
3768,892,16,357,156
3769,986,8,316,227
3770,496,3,84,39
3771,966,16,186,34
3772,483,7,375,175
3773,331,13,295,272
3774,86,5,1023,612
3775,984,4,963,633
3776,502,15,1025,165
3777,163,2,53,47
3778,607,12,842,184
3779,145,11,826,563
3780,921,9,554,174
3781,701,9,605,192
3782,861,6,932,461
3783,477,17,726,352
3784,327,3,874,595
3785,154,8,854,577
3786,563,11,866,76
3787,694,11,694,688
3788,89,7,549,201
3789,949,12,277,161
3790,394,15,324,209
3791,174,2,297,292
3792,762,3,123,52
3793,257,4,50,8
3794,302,7,304,109
3795,241,10,980,526
3796,629,16,691,80
3797,473,2,595,0
3798,489,0,917,286
3799,984,11,326,185
3800,508,13,378,49
3801,871,1,718,322
3802,93,13,793,430
3803,599,19,430,424
3804,490,3,592,411
3805,292,7,674,547
3806,573,8,602,410
3807,366,17,777,43
3808,490,7,211,170
3809,13,16,541,177
3810,652,17,1031,932
3811,67,6,480,323
3812,861,13,240,20
3813,403,0,1039,637
3814,532,12,295,67
3815,117,11,64,20
3816,86,9,808,749
3817,785,11,492,204
3818,263,19,1000,471
3819,665,8,495,43
3820,552,1,1016,836
3821,265,16,165,88
3822,81,1,449,277
3823,496,10,893,446
3824,61,17,935,706
3825,646,12,463,218
3826,874,14,823,549
3827,750,12,927,460
3828,696,5,1042,93
3829,971,19,297,99
3830,807,16,306,156
3831,964,12,501,85
3832,491,18,658,342
3833,681,11,306,16
3834,585,12,1032,216
3835,429,2,532,95
3836,833,15,164,50
3837,772,9,767,182
3838,867,8,992,899
3839,796,19,243,190
3840,812,3,855,204
3841,445,18,712,410
3842,960,19,775,91
3843,843,7,801,391
3844,199,16,849,39
3845,232,19,459,252
3846,882,15,582,355
3847,420,2,388,271
3848,868,5,497,491
3849,983,15,78,31
3850,715,19,961,483
3851,299,18,747,170
3852,925,16,365,117
3853,36,16,664,79
3854,950,19,248,9
3855,225,6,395,329
3856,894,12,644,458
3857,74,13,799,556
3858,821,10,568,142
3859,625,3,309,189
3860,329,3,700,440
3861,827,0,970,847
3862,220,10,666,15
3863,494,18,214,207
3864,96,7,572,127
3865,522,1,384,335
3866,524,18,138,44
3867,26,2,228,27
3868,110,16,235,120
3869,242,16,119,57
3870,0,12,568,111
3871,760,6,711,46
3872,397,7,382,173
3873,508,6,165,17
3874,938,4,962,705
3875,857,4,204,33
3876,287,5,972,840
3877,492,3,1017,3
3878,701,7,910,695
3879,282,10,1010,347
3880,248,5,556,339
3881,275,8,473,272
3882,564,8,1028,126
3883,851,0,152,10
3884,514,0,357,263
3885,621,5,485,301
3886,273,1,57,32
3887,352,18,725,272
3888,614,10,60,48
3889,756,3,417,133
3890,919,2,500,352
3891,907,18,1046,252
3892,601,13,873,863
3893,834,10,862,820
3894,647,11,764,313
3895,559,3,202,48
3896,196,9,977,309
3897,954,19,1009,278
3898,429,18,598,268
3899,798,3,1031,531
3900,537,2,412,30
3901,622,7,529,207
3902,786,9,363,110
3903,746,4,93,17
3904,996,13,223,14
3905,433,1,708,547
3906,619,19,831,49
3907,679,17,602,564
3908,774,17,666,249
3909,430,19,106,81
3910,456,3,786,575
3911,174,6,403,188
3912,427,1,82,71
3913,862,0,263,140
3914,389,6,162,138
3915,402,10,985,72
3916,540,16,271,171
3917,525,6,916,743
3918,827,8,453,409
3919,262,4,504,469
3920,645,18,295,68
3921,253,5,558,89
3922,286,19,290,78
3923,860,18,640,545
3924,423,16,640,41
3925,831,9,260,169
3926,809,18,520,422
3927,110,14,392,49
3928,238,0,560,322
3929,368,14,572,379
3930,524,13,405,93
3931,720,15,573,539
3932,91,0,415,58
3933,137,11,822,133
3934,732,3,584,273
3935,379,0,446,246
3936,34,14,227,194
3937,69,9,294,60
3938,450,18,454,218
3939,730,15,394,309
3940,988,15,506,46
3941,319,16,477,129
3942,129,0,688,562
3943,112,14,375,169
3944,668,6,115,57
3945,880,10,576,195
3946,243,0,354,107
3947,583,2,428,316
3948,885,4,500,139
3949,179,12,886,408
3950,92,8,659,45
3951,754,9,590,97
3952,978,14,876,688
3953,196,15,517,283
3954,885,16,139,134
3955,235,2,582,423
3956,340,8,601,274
3957,195,8,893,162
3958,313,8,175,81
3959,572,8,193,36
3960,926,15,1010,573
3961,901,2,682,232
3962,586,18,519,502
3963,544,17,725,569
3964,707,11,893,597
3965,451,3,893,703
3966,355,1,264,68
3967,626,0,793,457
3968,286,8,657,15
3969,384,2,899,227
3970,791,5,720,402
3971,964,10,997,374
3972,784,4,997,62
3973,14,17,235,97
3974,664,17,648,169
3975,977,15,1005,962
3976,444,11,934,848
3977,424,12,131,75
3978,513,7,740,236
3979,843,9,345,66
3980,933,17,123,8
3981,504,6,1011,525
3982,747,8,956,221
3983,308,19,303,102
3984,205,10,155,50
3985,905,6,583,281
3986,66,6,126,80
3987,648,3,110,81
3988,375,0,989,754
3989,46,3,696,8
3990,151,4,233,102
3991,624,16,724,394
3992,125,14,310,300
3993,160,10,747,282
3994,87,3,867,523
3995,231,15,647,282
3996,666,6,534,448
3997,875,11,887,298
3998,154,7,722,252
3999,824,0,175,134
4000,840,19,658,491
4001,952,3,810,534
4002,763,5,573,144
4003,773,5,426,121
4004,98,3,978,752
4005,979,15,1011,1003
4006,814,14,843,30
4007,241,17,525,178
4008,282,13,283,88
4009,518,2,713,108
4010,644,2,361,235
4011,117,17,273,70
4012,715,6,557,100
4013,283,1,418,253
4014,816,9,440,407
4015,462,2,66,11
4016,831,19,774,90
4017,357,2,323,246
4018,253,16,676,582
4019,492,4,208,107
4020,769,12,779,59
4021,270,15,509,79
4022,845,0,981,496
4023,819,11,106,84
4024,3,2,557,47
4025,194,3,206,11
4026,42,4,809,600
4027,213,1,501,477
4028,200,5,657,39
4029,745,8,723,101
4030,391,6,918,298
4031,997,17,472,24
4032,890,2,958,486
4033,464,5,100,29
4034,390,18,772,489
4035,68,16,825,570
4036,683,13,682,165
4037,959,1,958,90
4038,931,16,704,675
4039,823,15,608,35
4040,615,15,611,194
4041,435,9,401,218
4042,55,17,809,738
4043,502,6,355,70
4044,408,4,961,591
4045,541,5,683,495
4046,812,6,430,405
4047,69,9,936,586
4048,656,1,602,514
4049,264,6,410,179
4050,903,3,204,13
4051,14,14,837,486
4052,585,1,988,726
4053,846,4,550,86
4054,344,16,844,599
4055,492,4,578,124
4056,527,3,662,291
4057,458,12,171,107
4058,451,10,194,148
4059,417,0,548,203
4060,580,2,86,24
4061,446,6,90,31
4062,538,5,918,741
4063,880,14,931,316
4064,817,10,331,11
4065,501,3,1024,298
4066,391,11,413,285
4067,602,12,812,133
4068,307,9,492,377
4069,594,16,219,65
4070,517,7,88,62
4071,875,10,894,733
4072,219,10,294,68
4073,774,0,916,373
4074,567,1,99,32
4075,222,7,168,131
4076,827,10,648,577
4077,693,17,63,57
4078,231,12,822,72
4079,35,1,832,124
4080,327,3,617,40
4081,633,18,908,569
4082,239,2,343,295
4083,231,16,757,321
4084,800,11,840,507
4085,212,9,400,96
4086,714,5,437,363
4087,252,9,901,326
4088,554,16,410,124
4089,840,13,195,11
4090,499,12,413,146
4091,180,19,630,117
4092,262,2,502,486
4093,970,12,323,235
4094,476,17,943,907
4095,185,0,864,157
4096,104,10,604,45
4097,106,2,790,403
4098,383,16,169,130
4099,174,5,296,3
4100,601,8,648,564
4101,795,7,571,163
4102,671,10,514,436
4103,46,13,574,142
4104,356,17,283,37
4105,616,8,385,159
4106,262,18,320,133
4107,299,1,655,390
4108,925,13,841,533
4109,92,1,429,39
4110,48,18,553,245
4111,928,17,771,487
4112,780,17,547,431
4113,792,11,799,730
4114,454,6,828,503
4115,655,7,575,467
4116,445,13,526,402
4117,480,6,837,20
4118,443,14,384,297
4119,778,14,770,742
4120,787,13,624,503
4121,278,11,669,302
4122,402,3,867,397
4123,29,11,691,341
4124,143,7,201,153
4125,996,15,935,692
4126,340,14,84,24
4127,977,3,120,0
4128,468,15,111,31
4129,796,5,495,199
4130,21,10,160,73
4131,769,18,720,287
4132,149,9,63,21
4133,11,11,654,429
4134,927,17,391,58
4135,448,8,272,114
4136,389,17,866,110
4137,9,16,689,351
4138,324,15,391,289
4139,880,19,65,2
4140,933,1,85,23
4141,825,2,94,24
4142,216,8,1007,156
4143,947,6,800,463
4144,88,16,983,857
4145,62,12,982,34
4146,851,10,724,489
4147,853,18,163,66
4148,457,15,150,1
4149,515,0,821,122
4150,826,12,262,9
4151,311,0,162,32
4152,106,16,761,94
4153,129,14,946,118
4154,791,6,259,78
4155,892,11,826,490
4156,886,5,798,1
4157,156,2,901,729
4158,611,10,402,308
4159,935,14,314,42
4160,311,8,404,80
4161,302,5,763,519
4162,442,13,657,420
4163,114,19,337,174
4164,392,9,321,171
4165,601,15,499,350
4166,701,13,1014,283
4167,384,4,1037,799
4168,748,5,428,385
4169,824,13,635,99
4170,776,13,473,116
4171,842,5,829,739
4172,803,16,947,197
4173,501,7,506,419
4174,806,4,366,20
4175,949,3,935,914
4176,955,15,142,63
4177,427,10,734,268
4178,343,14,70,15
4179,881,2,58,0
4180,875,18,953,938
4181,604,19,967,445
4182,816,2,823,718
4183,506,18,212,2
4184,176,10,780,88
4185,443,9,626,435
4186,674,2,470,171
4187,826,12,51,19
4188,588,11,1046,849
4189,59,2,542,133
4190,312,4,347,298
4191,788,17,527,291
4192,561,18,660,314
4193,710,5,569,224
4194,869,0,436,60
4195,58,5,453,27
4196,362,3,437,229
4197,805,8,818,751
4198,546,6,272,230
4199,614,5,813,279
4200,601,6,801,650
4201,893,2,951,553
4202,387,7,1021,21
4203,236,16,148,48
4204,817,1,484,175
4205,807,1,368,336
4206,858,7,729,423
4207,765,9,281,152
4208,859,11,215,88
4209,742,17,714,474
4210,594,0,699,391
4211,548,14,228,9
4212,580,18,254,182
4213,668,10,892,471
4214,516,13,290,167
4215,220,9,97,88
4216,237,9,794,435
4217,980,1,788,499
4218,468,14,500,106
4219,279,6,296,129
4220,457,10,776,350
4221,609,2,457,134
4222,156,2,103,76
4223,463,5,719,455
4224,521,4,790,271
4225,308,2,825,559
4226,942,3,594,227
4227,536,4,300,217
4228,938,12,620,58
4229,64,17,236,7
4230,830,15,164,55
4231,323,14,727,193
4232,533,19,784,526
4233,865,0,407,381
4234,164,9,251,113
4235,780,4,869,552
4236,612,2,591,409
4237,240,3,280,224
4238,117,15,214,62
4239,524,3,430,100
4240,555,4,482,364
4241,575,8,128,73
4242,163,1,882,742
4243,382,7,711,704
4244,843,2,974,947
4245,394,1,683,458
4246,679,4,119,9
4247,716,4,968,677
4248,248,9,234,110
4249,531,13,576,328
4250,901,11,340,296
4251,466,15,222,89
4252,715,13,124,107
4253,973,14,407,42
4254,38,12,757,660
4255,929,5,72,4
4256,368,19,499,402
4257,145,15,1020,760
4258,30,11,547,459
4259,189,3,973,201
4260,232,2,269,8
4261,338,15,872,208
4262,400,4,99,22
4263,551,7,380,212
4264,151,17,385,311
4265,227,10,448,328
4266,444,0,140,55
4267,2,16,425,142
4268,446,7,413,119
4269,71,2,971,234
4270,991,4,261,177
4271,969,9,229,63
4272,857,1,720,202
4273,711,11,1024,861
4274,58,0,148,48
4275,710,4,854,666
4276,417,18,929,60
4277,95,17,948,630
4278,552,16,816,648
4279,691,16,186,75
4280,34,13,797,54
4281,593,1,431,410
4282,803,17,270,172
4283,44,6,927,48
4284,101,12,475,30
4285,255,15,543,118
4286,183,15,950,445
4287,698,10,877,27
4288,885,10,930,321
4289,348,5,746,434
4290,965,7,846,715
4291,440,6,609,75
4292,141,9,201,124
4293,74,17,519,189
4294,560,18,356,193
4295,49,5,611,212
4296,824,7,397,256
4297,684,13,140,114
4298,386,0,888,823
4299,799,5,416,263
4300,631,5,806,73
4301,21,10,177,59
4302,583,5,151,75
4303,428,0,775,141
4304,197,10,553,383
4305,230,3,467,448
4306,120,10,984,514
4307,164,9,535,410
4308,493,19,350,338
4309,491,10,176,125
4310,264,0,522,245
4311,352,0,902,135
4312,778,5,962,886
4313,629,18,616,208
4314,961,14,971,762
4315,964,1,59,47
4316,597,8,629,333
4317,520,1,698,307
4318,342,2,985,49
4319,609,16,756,156
4320,73,13,596,484
4321,798,7,226,146
4322,834,16,531,338
4323,410,14,727,639
4324,841,0,887,581
4325,937,4,280,150
4326,31,1,144,132
4327,713,4,548,218
4328,527,2,339,162
4329,772,8,339,281
4330,583,16,622,296
4331,106,2,136,56
4332,326,11,336,180
4333,817,6,929,583
4334,949,15,652,77
4335,838,8,939,96
4336,64,12,972,56
4337,67,7,528,27
4338,276,2,247,66
4339,521,4,106,45
4340,680,5,181,100
4341,916,19,543,281
4342,134,9,599,222
4343,572,13,237,94
4344,576,6,698,306
4345,152,8,916,585
4346,197,9,930,89
4347,314,12,457,358
4348,339,9,153,122
4349,647,11,559,18
4350,884,6,591,508
4351,686,14,549,73
4352,883,14,264,248
4353,150,1,957,7
4354,590,10,891,413
4355,938,18,704,570
4356,931,12,624,454
4357,422,19,452,62
4358,388,16,1007,67
4359,144,19,784,461
4360,693,2,276,114
4361,826,0,628,117
4362,34,1,807,336
4363,924,7,516,266
4364,92,14,398,115
4365,36,18,731,259
4366,186,9,187,138
4367,415,12,306,41
4368,850,6,930,29
4369,447,16,112,42
4370,335,13,920,226
4371,204,10,568,363
4372,313,7,247,234
4373,701,0,328,301
4374,354,2,215,57
4375,726,6,974,669
4376,173,0,164,99
4377,929,10,699,351
4378,983,12,556,387
4379,879,12,1033,454
4380,464,2,791,45
4381,877,14,254,135
4382,640,3,271,28
4383,274,12,953,888
4384,68,10,479,459
4385,101,5,290,140
4386,432,0,870,48
4387,256,19,763,728
4388,228,0,235,148
4389,769,19,459,117
4390,856,11,879,823
4391,726,14,959,754
4392,1,9,168,162
4393,358,13,904,559
4394,460,10,1002,123
4395,284,9,994,861
4396,680,13,317,123
4397,549,15,552,547
4398,574,16,836,255
4399,214,13,699,56
4400,994,5,210,42
4401,849,2,594,580
4402,776,17,172,24
4403,14,6,857,755
4404,193,17,251,93
4405,188,10,500,215
4406,246,4,865,391
4407,847,16,330,39
4408,457,10,825,225
4409,417,12,668,546
4410,768,15,176,109
4411,403,16,356,179
4412,787,4,872,192
4413,258,1,345,96
4414,107,0,770,439
4415,244,15,1047,503
4416,27,19,913,298
4417,410,16,905,61
4418,8,10,123,2
4419,902,5,801,331
4420,611,13,832,135
4421,452,3,1027,750
4422,507,19,555,158
4423,538,10,640,199
4424,580,10,686,596
4425,673,13,254,241
4426,36,7,920,207
4427,923,16,162,132
4428,235,1,656,284
4429,365,0,944,672
4430,832,15,744,53
4431,268,6,822,37
4432,776,9,76,70
4433,217,0,351,229
4434,952,10,762,297
4435,447,13,780,244
4436,727,8,242,131
4437,649,13,706,670
4438,695,2,373,296
4439,406,18,296,5
4440,363,4,856,15
4441,727,7,631,425
4442,992,15,799,143
4443,77,17,530,388
4444,821,10,124,0
4445,725,17,941,562
4446,885,9,423,230
4447,21,2,528,428
4448,953,13,124,3
4449,222,8,507,270
4450,560,1,426,177
4451,793,11,673,549
4452,872,6,225,38
4453,324,8,479,137
4454,108,4,329,71
4455,788,15,259,192
4456,94,2,510,486
4457,890,15,543,56
4458,891,13,184,126
4459,544,3,589,528
4460,324,10,372,70
4461,483,2,386,360
4462,801,14,230,18
4463,88,0,789,672
4464,221,1,737,553
4465,800,18,694,513
4466,527,11,99,38
4467,366,6,137,28
4468,188,4,260,133
4469,309,4,450,428
4470,656,5,652,321
4471,284,9,817,104
4472,964,0,849,36
4473,187,3,493,472
4474,62,7,929,409
4475,341,10,186,96
4476,454,5,266,216
4477,126,13,349,319
4478,820,19,975,484
4479,604,6,292,173
4480,621,7,971,392
4481,736,1,648,383
4482,413,17,436,142
4483,556,13,132,32
4484,156,8,971,872
4485,411,1,957,732
4486,155,13,169,41
4487,965,12,697,307
4488,293,8,849,541
4489,210,13,994,202
4490,656,4,1034,893
4491,548,3,106,19
4492,603,15,884,545
4493,271,4,166,140
4494,752,19,847,7
4495,99,2,349,235
4496,185,1,1049,277
4497,302,13,400,266
4498,27,5,998,427
4499,915,6,473,240
4500,96,16,559,434
4501,71,19,325,301
4502,286,12,462,310
4503,328,12,76,43
4504,963,11,630,596
4505,479,11,429,315
4506,314,8,509,165
4507,372,0,253,55
4508,797,8,882,830
4509,486,9,942,729
4510,563,13,873,14
4511,834,15,1017,747
4512,240,2,660,169
4513,121,6,1015,168
4514,129,17,97,86
4515,724,4,649,386
4516,159,14,792,311
4517,521,3,1013,938
4518,889,14,68,31
4519,973,14,162,15
4520,460,6,439,130
4521,289,15,424,340
4522,500,11,439,83
4523,350,15,690,220
4524,498,0,117,109
4525,491,7,909,810
4526,421,3,435,137
4527,604,9,832,202
4528,851,6,275,250
4529,18,5,996,3
4530,287,7,796,425
4531,599,7,788,63
4532,417,8,206,166
4533,672,7,947,544
4534,155,4,114,76
4535,139,4,1026,87
4536,840,19,196,44
4537,840,8,176,9
4538,45,5,91,27
4539,642,18,650,121
4540,386,7,773,567
4541,973,6,107,22
4542,999,16,141,118
4543,415,8,402,238
4544,945,5,215,67
4545,296,0,608,242
4546,348,9,344,34
4547,883,16,705,655
4548,920,13,976,771
4549,157,5,488,41
4550,565,4,97,38
4551,451,12,421,110
4552,601,16,303,38
4553,558,2,120,115
4554,790,7,799,246
4555,647,19,748,649
4556,750,14,218,74
4557,204,19,567,345
4558,857,0,881,36
4559,403,12,1022,790
4560,579,3,144,5
4561,340,17,995,931
4562,937,18,996,42
4563,545,1,288,230
4564,714,1,239,80
4565,223,0,539,72
4566,383,0,585,97
4567,980,0,674,610
4568,756,16,598,212
4569,448,17,966,704
4570,119,19,540,17
4571,238,1,465,307
4572,326,7,659,433
4573,330,16,465,168
4574,107,0,621,422
4575,938,13,741,282
4576,297,13,773,248
4577,494,10,732,376
4578,933,10,217,94
4579,577,16,371,87
4580,671,4,786,419
4581,656,12,741,721
4582,472,11,521,219
4583,279,18,738,640
4584,596,11,809,630
4585,841,9,834,372
4586,423,7,57,45
4587,439,16,593,380
4588,921,12,65,17
4589,509,15,539,286
4590,972,2,529,51
4591,817,15,446,332
4592,402,13,959,25
4593,541,1,772,660
4594,905,17,87,7
4595,178,19,456,129
4596,984,15,322,158
4597,309,17,110,99
4598,729,9,866,218
4599,156,17,261,232
4600,583,17,281,242
4601,31,18,294,10
4602,703,5,143,86
4603,241,9,539,296
4604,432,16,347,274
4605,85,18,59,55
4606,389,3,246,146
4607,795,11,810,131
4608,367,17,749,267
4609,578,17,171,13
4610,117,7,917,624
4611,981,4,544,402
4612,277,16,575,421
4613,393,19,293,75
4614,314,2,907,862
4615,122,13,754,620
4616,638,2,486,477
4617,83,1,552,137
4618,374,3,54,28
4619,52,6,488,172
4620,531,3,866,343
4621,147,19,721,383
4622,981,4,236,90
4623,654,12,201,77
4624,463,0,600,442
4625,741,10,504,171
4626,616,13,244,172
4627,946,2,794,635
4628,166,5,968,899
4629,826,18,443,53
4630,202,10,781,350
4631,570,18,546,28
4632,512,14,448,199
4633,300,12,968,401
4634,525,8,613,233
4635,690,5,1048,396
4636,673,17,381,223
4637,575,5,390,235
4638,133,12,586,517
4639,555,13,802,698
4640,348,10,544,187
4641,421,16,772,331
4642,643,17,212,164
4643,872,9,175,22
4644,490,16,78,17
4645,456,19,295,253
4646,354,5,720,9
4647,228,5,773,512
4648,838,14,318,66
4649,259,1,183,46
4650,252,16,341,293
4651,57,12,122,58
4652,851,10,1030,1003
4653,833,4,274,175
4654,196,19,129,124
4655,585,0,942,59
4656,571,7,340,215
4657,819,7,694,122
4658,77,17,740,62
4659,472,17,246,164
4660,865,11,424,111
4661,188,4,923,523
4662,89,4,987,516
4663,511,16,746,350
4664,440,4,568,551
4665,104,3,341,229
4666,202,12,197,169
4667,553,17,383,226
4668,425,3,154,142
4669,672,0,141,10
4670,444,13,417,319
4671,929,8,500,166
4672,935,3,653,530
4673,222,16,383,44
4674,319,4,141,37
4675,649,7,800,397
4676,333,13,640,150
4677,374,11,876,88
4678,320,5,247,143
4679,860,13,234,216
4680,557,10,856,524
4681,50,6,97,47
4682,328,10,183,137
4683,636,15,487,355
4684,106,6,812,510
4685,916,17,966,190
4686,282,14,665,448
4687,355,9,710,415
4688,286,14,195,95
4689,495,5,815,397
4690,377,2,702,506
4691,396,1,245,204
4692,324,18,547,163
4693,414,11,173,40
4694,215,10,84,27
4695,210,14,652,262
4696,222,19,684,559
4697,210,6,77,13
4698,902,7,144,36
4699,399,10,145,35
4700,910,1,666,391
4701,639,8,269,148
4702,497,10,962,62
4703,446,0,977,103
4704,232,4,317,299
4705,126,4,382,221
4706,106,3,832,33
4707,305,1,533,308
4708,950,10,156,5
4709,27,16,612,295
4710,845,14,193,134
4711,914,17,761,433
4712,362,15,1036,544
4713,568,11,998,546
4714,147,12,315,235
4715,613,2,573,133
4716,319,11,77,27
4717,63,7,348,228
4718,287,18,684,417
4719,267,7,920,327
4720,823,14,684,672
4721,594,8,834,639
4722,883,15,171,53
4723,935,9,127,124
4724,92,18,505,385
4725,326,6,585,542
4726,27,17,1023,409
4727,220,13,1033,651
4728,410,10,569,244
4729,275,18,254,30
4730,728,12,646,149
4731,420,15,557,308
4732,347,19,876,701
4733,916,4,785,107
4734,981,12,470,35
4735,769,0,361,297
4736,137,11,688,451
4737,892,1,958,495
4738,668,2,854,814
4739,447,3,939,243
4740,806,8,538,81
4741,966,1,517,406
4742,904,19,141,62
4743,887,10,579,174
4744,470,16,771,428
4745,915,5,213,149
4746,908,3,57,34
4747,13,5,847,259
4748,347,15,760,48
4749,863,17,396,76
4750,250,2,873,238
4751,338,5,188,58
4752,790,18,944,805
4753,716,3,96,6
4754,740,13,506,401
4755,201,14,531,167
4756,644,18,481,447
4757,340,13,904,619
4758,150,8,812,542
4759,380,4,696,244
4760,157,9,1033,492
4761,810,6,83,55
4762,216,1,710,591
4763,695,13,515,159
4764,438,7,465,166
4765,680,12,1030,125
4766,943,6,508,241
4767,667,8,179,98
4768,943,1,532,234
4769,217,18,649,356
4770,108,18,623,567
4771,212,18,221,164
4772,829,6,124,39
4773,848,7,578,77
4774,426,16,1020,455
4775,603,16,560,396
4776,888,2,524,128
4777,214,7,575,569
4778,372,10,1018,824
4779,435,18,179,96
4780,837,13,222,217
4781,863,12,983,102
4782,588,6,120,56
4783,431,0,675,3
4784,740,3,374,62
4785,260,6,665,471
4786,956,15,796,251
4787,873,11,169,49
4788,457,6,139,126
4789,25,13,514,376
4790,471,8,628,394
4791,435,12,594,377
4792,599,9,140,94
4793,152,14,298,65
4794,535,2,456,387
4795,513,15,116,109
4796,223,18,648,280
4797,923,9,270,82
4798,936,13,373,315
4799,36,17,887,540
4800,437,4,940,262
4801,756,4,919,443
4802,875,11,514,443
4803,991,10,200,176
4804,202,13,79,69
4805,936,1,329,307
4806,27,18,693,209
4807,477,6,1047,127
4808,561,0,904,250
4809,975,6,651,643
4810,2,1,798,150
4811,80,6,81,60
4812,21,11,598,315
4813,524,4,221,156
4814,996,19,626,200
4815,466,3,501,80
4816,665,1,806,794
4817,43,10,739,3
4818,250,10,912,701
4819,575,5,818,646
4820,222,15,976,293
4821,124,14,910,723
4822,694,0,223,193
4823,112,0,534,433
4824,815,2,97,38
4825,836,11,635,450
4826,629,0,285,200
4827,97,2,536,356
4828,167,18,121,31
4829,12,3,921,108
4830,807,13,904,480
4831,867,2,750,460
4832,736,16,486,204
4833,390,6,447,161
4834,552,4,863,806
4835,753,2,206,13
4836,509,4,461,144
4837,182,0,90,67
4838,154,5,833,600
4839,837,16,440,311
4840,921,11,831,631
4841,14,13,330,41
4842,55,5,156,25
4843,11,19,290,116
4844,804,17,377,312
4845,256,16,285,23
4846,890,1,255,86
4847,149,19,145,72
4848,84,7,505,35
4849,264,7,57,3
4850,606,13,327,101
4851,436,15,254,150
4852,273,9,783,16
4853,230,15,1045,608
4854,781,9,628,219
4855,740,17,229,147
4856,214,19,185,131
4857,566,5,119,27
4858,657,10,228,20
4859,871,13,614,24
4860,117,11,877,691
4861,419,1,78,8
4862,253,5,134,33
4863,216,12,127,124
4864,91,4,826,57
4865,599,16,953,682
4866,356,5,783,201
4867,657,10,247,190
4868,991,8,918,109
4869,899,7,198,43
4870,991,12,976,737
4871,652,15,780,565
4872,974,6,536,239
4873,828,17,403,140
4874,186,10,661,100
4875,181,5,349,344
4876,314,16,582,220
4877,323,0,55,12
4878,607,3,998,839
4879,933,7,272,120
4880,949,5,631,133
4881,587,11,360,179
4882,9,4,56,11
4883,463,18,667,613
4884,90,11,649,553
4885,398,0,798,714
4886,793,10,268,143
4887,510,19,118,87
4888,675,9,347,272
4889,184,7,942,57
4890,899,5,358,78
4891,484,5,143,130
4892,282,4,260,232
4893,337,8,158,7
4894,609,5,102,88
4895,580,11,59,54
4896,723,1,273,241
4897,429,0,838,405
4898,630,3,866,863
4899,80,7,1002,245
4900,872,12,209,122
4901,319,19,292,264
4902,547,8,168,113
4903,386,19,979,953
4904,859,6,379,244
4905,505,14,447,367
4906,484,15,152,6
4907,397,15,139,5
4908,694,7,406,259
4909,924,1,940,869
4910,843,18,679,188
4911,348,3,313,296
4912,733,0,943,335
4913,349,17,987,58
4914,346,17,828,85
4915,569,17,772,688
4916,202,5,126,102
4917,525,10,673,422
4918,396,0,958,411
4919,911,0,1010,637
4920,158,19,1008,267
4921,335,17,398,288
4922,196,0,842,478
4923,72,2,690,576
4924,542,10,77,25
4925,53,11,480,201
4926,644,14,209,127
4927,862,17,442,322
4928,682,18,738,371
4929,467,19,62,55
4930,934,9,239,2
4931,229,4,56,48
4932,23,1,151,102
4933,729,11,493,258
4934,502,8,492,399
4935,134,19,108,33
4936,222,18,201,192
4937,507,18,757,703
4938,372,9,798,204
4939,348,13,515,489
4940,657,15,744,365
4941,164,10,923,866
4942,853,5,715,7
4943,962,17,701,582
4944,275,7,858,50
4945,990,15,152,95
4946,146,17,490,396
4947,130,9,863,494
4948,568,16,877,409
4949,963,5,919,279
4950,646,18,778,287
4951,582,19,904,699
4952,736,1,127,16
4953,501,13,418,45
4954,92,8,113,0
4955,986,2,591,467
4956,832,8,600,409
4957,512,3,389,87
4958,757,19,974,65
4959,991,5,962,550
4960,576,8,198,106
4961,206,15,376,283
4962,5,4,678,672
4963,872,18,72,5
4964,644,14,431,21
4965,978,8,336,278
4966,350,8,409,307
4967,184,11,871,706
4968,535,19,786,702
4969,885,12,582,80
4970,755,3,798,193
4971,513,17,486,6
4972,866,19,773,719
4973,962,4,277,225
4974,541,9,873,717
4975,758,14,451,235
4976,336,7,263,242
4977,613,5,479,177
4978,776,3,1011,263
4979,713,9,220,37
4980,781,3,438,63
4981,838,4,520,202
4982,542,5,1017,11
4983,804,9,985,865
4984,497,4,905,6
4985,906,12,496,59
4986,682,8,459,261
4987,410,4,423,41
4988,48,18,326,254
4989,746,7,300,20
4990,829,9,797,52
4991,999,13,686,47
4992,180,2,748,476
4993,321,0,908,772
4994,435,8,1016,333
4995,899,17,435,245
4996,872,8,1018,657
4997,553,13,358,280
4998,902,9,826,785
4999,41,4,949,513
5000,127,12,805,343
